%  columns="iteration, evaluation, sigma, max axis length, min axis length, all principal axes lengths (sorted square roots of eigenvalues of C)" (startseed=214675, 2023/10/9 16:50:38.76)
1 10 1.361026e+02 9.637603e-01 1.039589e-02 1.039589e-02 2.254867e-02 3.818432e-01 9.637603e-01 
2 19 1.193551e+02 9.161863e-01 9.998975e-03 9.998975e-03 2.201650e-02 3.760204e-01 9.161863e-01 
3 28 1.316006e+02 8.696262e-01 9.549696e-03 9.549696e-03 2.358382e-02 3.883806e-01 8.696262e-01 
4 37 1.203409e+02 8.532541e-01 9.430335e-03 9.430335e-03 2.253635e-02 3.680854e-01 8.532541e-01 
5 46 9.437781e+01 8.083000e-01 9.202446e-03 9.202446e-03 2.178011e-02 3.509330e-01 8.083000e-01 
6 55 8.484768e+01 7.736958e-01 8.890513e-03 8.890513e-03 2.148562e-02 3.336804e-01 7.736958e-01 
7 64 9.827784e+01 7.568626e-01 1.059193e-02 1.059193e-02 2.076890e-02 3.156389e-01 7.568626e-01 
8 73 7.767158e+01 7.133665e-01 1.038802e-02 1.038802e-02 1.969631e-02 3.011236e-01 7.133665e-01 
9 82 7.198960e+01 6.744739e-01 9.965463e-03 9.965463e-03 1.907659e-02 3.033289e-01 6.744739e-01 
10 91 6.529304e+01 6.511125e-01 1.001086e-02 1.001086e-02 1.872466e-02 2.899905e-01 6.511125e-01 
11 100 6.391795e+01 6.171034e-01 1.004422e-02 1.004422e-02 1.835652e-02 2.967727e-01 6.171034e-01 
12 109 6.343670e+01 5.808452e-01 9.791056e-03 9.791056e-03 1.862325e-02 3.134373e-01 5.808452e-01 
13 118 6.112920e+01 5.594802e-01 9.505130e-03 9.505130e-03 1.837496e-02 3.044840e-01 5.594802e-01 
14 127 7.147375e+01 5.275215e-01 9.600704e-03 9.600704e-03 2.022126e-02 3.035695e-01 5.275215e-01 
15 136 7.560975e+01 4.997044e-01 1.011818e-02 1.011818e-02 1.962620e-02 2.881873e-01 4.997044e-01 
16 145 7.527749e+01 4.855301e-01 9.878919e-03 9.878919e-03 1.916584e-02 2.879533e-01 4.855301e-01 
17 154 7.937772e+01 4.610928e-01 1.029496e-02 1.029496e-02 1.933522e-02 2.831875e-01 4.610928e-01 
18 163 6.583742e+01 4.371138e-01 1.018731e-02 1.018731e-02 1.847261e-02 2.713876e-01 4.371138e-01 
19 172 6.307663e+01 4.116326e-01 9.719022e-03 9.719022e-03 1.911677e-02 2.683393e-01 4.116326e-01 
20 181 6.123175e+01 3.939250e-01 9.732812e-03 9.732812e-03 1.829322e-02 2.620888e-01 3.939250e-01 
21 190 5.974946e+01 3.729016e-01 9.326505e-03 9.326505e-03 2.026922e-02 2.566030e-01 3.729016e-01 
22 199 5.599515e+01 3.518085e-01 9.601220e-03 9.601220e-03 1.945472e-02 2.572196e-01 3.518085e-01 
23 208 4.279320e+01 3.312164e-01 9.165140e-03 9.165140e-03 1.838928e-02 2.459466e-01 3.312164e-01 
24 217 3.948052e+01 3.215004e-01 8.929177e-03 8.929177e-03 1.844350e-02 2.352162e-01 3.215004e-01 
25 226 3.764487e+01 3.103718e-01 8.801588e-03 8.801588e-03 1.876149e-02 2.283198e-01 3.103718e-01 
26 235 3.527177e+01 2.942607e-01 8.920515e-03 8.920515e-03 1.786769e-02 2.152794e-01 2.942607e-01 
27 244 3.107576e+01 2.870811e-01 8.518255e-03 8.518255e-03 1.726366e-02 2.043315e-01 2.870811e-01 
28 253 2.690534e+01 2.722245e-01 8.114479e-03 8.114479e-03 1.726518e-02 1.935891e-01 2.722245e-01 
29 262 2.128502e+01 2.579614e-01 7.751465e-03 7.751465e-03 1.669194e-02 1.822614e-01 2.579614e-01 
30 271 2.182020e+01 2.504341e-01 7.670612e-03 7.670612e-03 1.745427e-02 1.790946e-01 2.504341e-01 
31 280 2.502826e+01 2.371713e-01 7.580783e-03 7.580783e-03 1.930195e-02 1.748767e-01 2.371713e-01 
32 289 2.572805e+01 2.305552e-01 7.265022e-03 7.265022e-03 1.876461e-02 1.756649e-01 2.305552e-01 
33 298 2.996688e+01 2.191851e-01 6.850126e-03 6.850126e-03 2.280990e-02 1.729336e-01 2.191851e-01 
34 307 3.192837e+01 2.266425e-01 6.481863e-03 6.481863e-03 2.331774e-02 1.658247e-01 2.266425e-01 
35 316 3.370409e+01 2.267797e-01 6.239936e-03 6.239936e-03 2.403906e-02 1.585406e-01 2.267797e-01 
36 325 3.579417e+01 2.145687e-01 5.909178e-03 5.909178e-03 2.614372e-02 1.497524e-01 2.145687e-01 
37 334 3.128034e+01 2.034684e-01 5.736216e-03 5.736216e-03 2.500312e-02 1.412157e-01 2.034684e-01 
38 343 2.822704e+01 1.960554e-01 5.432484e-03 5.432484e-03 2.407422e-02 1.389151e-01 1.960554e-01 
39 352 2.857893e+01 1.868037e-01 5.991887e-03 5.991887e-03 2.363115e-02 1.372278e-01 1.868037e-01 
40 361 2.366085e+01 1.770176e-01 5.673660e-03 5.673660e-03 2.239605e-02 1.301321e-01 1.770176e-01 
41 370 2.047752e+01 1.715255e-01 5.499562e-03 5.499562e-03 2.153833e-02 1.256579e-01 1.715255e-01 
42 379 1.820231e+01 1.634640e-01 5.445999e-03 5.445999e-03 2.127740e-02 1.194288e-01 1.634640e-01 
43 388 1.759328e+01 1.633623e-01 5.533464e-03 5.533464e-03 2.006050e-02 1.131108e-01 1.633623e-01 
44 397 1.834431e+01 1.648260e-01 5.550997e-03 5.550997e-03 1.901843e-02 1.102597e-01 1.648260e-01 
45 406 2.022381e+01 1.611155e-01 5.957336e-03 5.957336e-03 1.846199e-02 1.069230e-01 1.611155e-01 
46 415 1.957242e+01 1.555779e-01 5.991080e-03 5.991080e-03 1.757235e-02 1.053212e-01 1.555779e-01 
47 424 1.692278e+01 1.473117e-01 5.910243e-03 5.910243e-03 1.705983e-02 1.003986e-01 1.473117e-01 
48 433 1.563053e+01 1.514711e-01 5.665112e-03 5.665112e-03 1.606353e-02 9.592233e-02 1.514711e-01 
49 442 1.656967e+01 1.571939e-01 5.626083e-03 5.626083e-03 1.611038e-02 9.159220e-02 1.571939e-01 
50 451 1.604984e+01 1.608460e-01 5.362823e-03 5.362823e-03 1.535152e-02 8.692163e-02 1.608460e-01 
51 460 1.445225e+01 1.538600e-01 5.177152e-03 5.177152e-03 1.476185e-02 8.516855e-02 1.538600e-01 
52 469 1.232937e+01 1.455610e-01 4.941774e-03 4.941774e-03 1.455847e-02 8.426900e-02 1.455610e-01 
53 478 1.199764e+01 1.433167e-01 4.747367e-03 4.747367e-03 1.471263e-02 8.092877e-02 1.433167e-01 
54 487 1.014695e+01 1.397046e-01 4.592381e-03 4.592381e-03 1.396441e-02 7.694553e-02 1.397046e-01 
55 496 8.785778e+00 1.378081e-01 4.377681e-03 4.377681e-03 1.320315e-02 7.313962e-02 1.378081e-01 
56 505 8.103818e+00 1.336617e-01 4.166653e-03 4.166653e-03 1.309696e-02 6.939104e-02 1.336617e-01 
57 514 8.464634e+00 1.350879e-01 3.984433e-03 3.984433e-03 1.273458e-02 7.342131e-02 1.350879e-01 
58 523 8.177507e+00 1.326494e-01 3.856641e-03 3.856641e-03 1.203609e-02 7.270141e-02 1.326494e-01 
59 532 8.579876e+00 1.297975e-01 4.057131e-03 4.057131e-03 1.147157e-02 7.012957e-02 1.297975e-01 
60 541 8.846514e+00 1.255451e-01 4.223427e-03 4.223427e-03 1.093681e-02 6.610621e-02 1.255451e-01 
61 550 9.701495e+00 1.279569e-01 4.047706e-03 4.047706e-03 1.179957e-02 6.282544e-02 1.279569e-01 
62 559 9.135022e+00 1.260247e-01 4.032450e-03 4.032450e-03 1.121907e-02 5.915625e-02 1.260247e-01 
63 568 9.385277e+00 1.196773e-01 4.309464e-03 4.309464e-03 1.072055e-02 5.898062e-02 1.196773e-01 
64 577 9.322588e+00 1.130037e-01 4.490512e-03 4.490512e-03 1.034622e-02 5.696580e-02 1.130037e-01 
65 586 8.246860e+00 1.108237e-01 4.340602e-03 4.340602e-03 1.021532e-02 5.409129e-02 1.108237e-01 
66 595 7.323063e+00 1.084979e-01 4.281308e-03 4.281308e-03 9.770609e-03 5.176965e-02 1.084979e-01 
67 604 6.594004e+00 1.042018e-01 4.153869e-03 4.153869e-03 9.505576e-03 5.020568e-02 1.042018e-01 
68 613 5.534189e+00 1.001148e-01 3.968034e-03 3.968034e-03 9.065754e-03 4.827028e-02 1.001148e-01 
69 622 5.247992e+00 9.915003e-02 3.940410e-03 3.940410e-03 8.835661e-03 4.602887e-02 9.915003e-02 
70 631 5.769545e+00 1.094160e-01 3.963128e-03 3.963128e-03 8.421757e-03 4.564165e-02 1.094160e-01 
71 640 5.958221e+00 1.043024e-01 4.064893e-03 4.064893e-03 8.251404e-03 4.605799e-02 1.043024e-01 
72 649 5.751389e+00 1.031239e-01 4.057775e-03 4.057775e-03 7.840139e-03 4.375973e-02 1.031239e-01 
73 658 5.630733e+00 9.889706e-02 4.161876e-03 4.161876e-03 7.408523e-03 4.150354e-02 9.889706e-02 
74 667 6.502850e+00 9.990501e-02 4.589774e-03 4.589774e-03 7.246055e-03 3.964411e-02 9.990501e-02 
75 676 8.437973e+00 1.004268e-01 4.950933e-03 4.950933e-03 7.138735e-03 3.842028e-02 1.004268e-01 
76 685 8.880093e+00 1.055481e-01 4.691310e-03 4.691310e-03 6.865881e-03 3.745833e-02 1.055481e-01 
77 694 9.359084e+00 1.016849e-01 4.540983e-03 4.540983e-03 6.594460e-03 3.815493e-02 1.016849e-01 
78 703 9.272512e+00 1.083364e-01 4.357582e-03 4.357582e-03 6.273004e-03 3.622328e-02 1.083364e-01 
79 712 7.830937e+00 1.028024e-01 4.115768e-03 4.115768e-03 6.042863e-03 3.554438e-02 1.028024e-01 
80 721 6.262558e+00 9.865027e-02 3.888537e-03 3.888537e-03 5.760666e-03 3.390517e-02 9.865027e-02 
81 730 6.165698e+00 9.322285e-02 3.711432e-03 3.711432e-03 5.450955e-03 3.669720e-02 9.322285e-02 
82 739 5.421418e+00 8.899348e-02 3.496381e-03 3.496381e-03 5.195688e-03 3.582983e-02 8.899348e-02 
83 748 5.149515e+00 8.714307e-02 3.435054e-03 3.435054e-03 4.930662e-03 3.545581e-02 8.714307e-02 
84 757 5.480505e+00 9.807495e-02 3.399768e-03 3.399768e-03 4.691460e-03 3.387690e-02 9.807495e-02 
85 766 5.141749e+00 9.329653e-02 3.418073e-03 3.418073e-03 4.451304e-03 3.252149e-02 9.329653e-02 
86 775 4.206243e+00 9.011419e-02 3.315116e-03 3.315116e-03 4.277597e-03 3.099989e-02 9.011419e-02 
87 784 3.644760e+00 8.541115e-02 3.176625e-03 3.176625e-03 4.049349e-03 3.024557e-02 8.541115e-02 
88 793 3.463534e+00 8.335140e-02 3.241986e-03 3.241986e-03 3.914377e-03 2.857681e-02 8.335140e-02 
89 802 3.454608e+00 7.882046e-02 3.287151e-03 3.287151e-03 4.035003e-03 2.712258e-02 7.882046e-02 
90 811 2.957148e+00 7.621067e-02 3.103152e-03 3.103152e-03 3.887470e-03 2.613369e-02 7.621067e-02 
91 820 2.902597e+00 7.922921e-02 2.938536e-03 2.938536e-03 3.775618e-03 2.551485e-02 7.922921e-02 
92 829 2.470005e+00 8.140021e-02 2.805845e-03 2.805845e-03 3.634593e-03 2.425917e-02 8.140021e-02 
93 838 2.276081e+00 7.688962e-02 2.862551e-03 2.862551e-03 3.449474e-03 2.299809e-02 7.688962e-02 
94 847 2.138735e+00 7.636578e-02 2.794073e-03 2.794073e-03 3.271007e-03 2.260313e-02 7.636578e-02 
95 856 1.996510e+00 7.316045e-02 2.733155e-03 2.733155e-03 3.254961e-03 2.229273e-02 7.316045e-02 
96 865 2.073364e+00 7.166500e-02 2.950662e-03 2.950662e-03 3.123610e-03 2.256451e-02 7.166500e-02 
97 874 2.139859e+00 7.340838e-02 2.797324e-03 2.797324e-03 3.000520e-03 2.217630e-02 7.340838e-02 
98 883 1.724981e+00 7.134006e-02 2.679464e-03 2.679464e-03 2.860326e-03 2.118134e-02 7.134006e-02 
99 892 1.416424e+00 6.879151e-02 2.558601e-03 2.558601e-03 2.764465e-03 2.019893e-02 6.879151e-02 
100 901 1.362593e+00 6.625951e-02 2.544061e-03 2.544061e-03 2.624242e-03 2.023663e-02 6.625951e-02 
101 910 1.136254e+00 6.326736e-02 2.427269e-03 2.427269e-03 2.504792e-03 1.928559e-02 6.326736e-02 
102 919 1.076379e+00 6.306257e-02 2.336585e-03 2.336585e-03 2.431671e-03 1.887371e-02 6.306257e-02 
103 928 1.173765e+00 7.310833e-02 2.206295e-03 2.206295e-03 2.301860e-03 1.799030e-02 7.310833e-02 
104 937 1.033662e+00 7.021042e-02 2.133345e-03 2.133345e-03 2.190648e-03 1.747627e-02 7.021042e-02 
105 946 8.504668e-01 6.658815e-02 2.031417e-03 2.031417e-03 2.081509e-03 1.675292e-02 6.658815e-02 
106 955 8.621564e-01 6.281181e-02 1.976330e-03 1.976330e-03 2.275580e-03 1.618894e-02 6.281181e-02 
107 964 7.295477e-01 6.091293e-02 1.883417e-03 1.883417e-03 2.197348e-03 1.537441e-02 6.091293e-02 
108 973 6.730048e-01 5.836622e-02 1.789579e-03 1.789579e-03 2.120546e-03 1.538977e-02 5.836622e-02 
109 982 6.170982e-01 5.704562e-02 1.738518e-03 1.738518e-03 2.027587e-03 1.506943e-02 5.704562e-02 
110 991 5.745386e-01 5.642779e-02 1.660660e-03 1.660660e-03 1.913292e-03 1.476887e-02 5.642779e-02 
111 1000 6.294829e-01 5.530995e-02 1.573777e-03 1.573777e-03 1.822497e-03 1.641955e-02 5.530995e-02 
112 1009 6.234608e-01 5.819608e-02 1.518875e-03 1.518875e-03 1.723387e-03 1.596352e-02 5.819608e-02 
113 1018 6.495079e-01 6.536525e-02 1.450233e-03 1.450233e-03 1.622974e-03 1.507114e-02 6.536525e-02 
114 1027 6.753828e-01 6.716225e-02 1.424679e-03 1.424679e-03 1.562267e-03 1.449644e-02 6.716225e-02 
115 1036 5.623509e-01 6.499879e-02 1.350180e-03 1.350180e-03 1.491762e-03 1.429886e-02 6.499879e-02 
116 1045 5.126404e-01 6.473566e-02 1.292142e-03 1.292142e-03 1.411182e-03 1.379839e-02 6.473566e-02 
117 1054 4.512893e-01 6.338557e-02 1.235157e-03 1.235157e-03 1.342352e-03 1.352396e-02 6.338557e-02 
118 1063 4.010031e-01 6.132386e-02 1.189789e-03 1.189789e-03 1.263100e-03 1.329951e-02 6.132386e-02 
119 1072 3.279974e-01 6.041295e-02 1.126894e-03 1.126894e-03 1.220707e-03 1.269546e-02 6.041295e-02 
120 1081 3.305704e-01 5.725772e-02 1.078166e-03 1.078166e-03 1.186869e-03 1.398416e-02 5.725772e-02 
121 1090 3.613943e-01 6.766389e-02 1.018632e-03 1.018632e-03 1.143478e-03 1.375558e-02 6.766389e-02 
122 1099 3.172864e-01 6.481731e-02 9.677894e-04 9.677894e-04 1.108746e-03 1.300084e-02 6.481731e-02 
123 1108 2.955531e-01 6.572850e-02 9.165719e-04 9.165719e-04 1.050504e-03 1.246066e-02 6.572850e-02 
124 1117 3.500640e-01 7.590366e-02 8.768350e-04 8.768350e-04 9.942076e-04 1.265458e-02 7.590366e-02 
125 1126 4.400936e-01 8.362692e-02 8.492360e-04 8.492360e-04 9.435304e-04 1.364625e-02 8.362692e-02 
126 1135 5.115718e-01 8.811917e-02 8.559888e-04 8.559888e-04 8.889715e-04 1.344838e-02 8.811917e-02 
127 1144 4.872812e-01 8.510033e-02 8.231857e-04 8.231857e-04 8.419487e-04 1.307108e-02 8.510033e-02 
128 1153 4.930024e-01 8.203752e-02 8.049732e-04 8.049732e-04 8.945390e-04 1.365240e-02 8.203752e-02 
129 1162 4.240626e-01 8.243649e-02 7.611239e-04 7.611239e-04 8.480301e-04 1.303011e-02 8.243649e-02 
130 1171 4.080336e-01 8.297079e-02 7.258599e-04 7.258599e-04 7.988782e-04 1.298949e-02 8.297079e-02 
131 1180 3.936381e-01 8.027764e-02 6.952915e-04 6.952915e-04 7.574376e-04 1.307316e-02 8.027764e-02 
132 1189 4.454174e-01 9.467054e-02 6.723124e-04 6.723124e-04 7.294277e-04 1.240362e-02 9.467054e-02 
133 1198 5.254385e-01 9.789742e-02 6.347643e-04 6.347643e-04 7.991463e-04 1.171461e-02 9.789742e-02 
134 1207 5.326371e-01 1.026083e-01 6.043103e-04 6.043103e-04 7.579715e-04 1.111920e-02 1.026083e-01 
135 1216 4.884163e-01 9.899409e-02 5.772680e-04 5.772680e-04 7.310193e-04 1.071806e-02 9.899409e-02 
136 1225 4.691323e-01 1.036341e-01 5.513383e-04 5.513383e-04 6.902403e-04 1.022940e-02 1.036341e-01 
137 1234 5.536738e-01 1.007317e-01 5.368649e-04 5.368649e-04 7.367365e-04 1.086443e-02 1.007317e-01 
138 1243 5.085643e-01 9.952152e-02 5.285943e-04 5.285943e-04 6.988064e-04 1.029080e-02 9.952152e-02 
139 1252 5.132931e-01 9.525899e-02 5.021534e-04 5.021534e-04 6.620174e-04 1.144945e-02 9.525899e-02 
140 1261 4.385244e-01 9.198475e-02 4.812852e-04 4.812852e-04 6.413429e-04 1.093875e-02 9.198475e-02 
141 1270 4.247492e-01 8.930403e-02 4.620789e-04 4.620789e-04 6.557244e-04 1.032591e-02 8.930403e-02 
142 1279 3.948293e-01 8.869480e-02 4.433922e-04 4.433922e-04 6.276451e-04 9.846157e-03 8.869480e-02 
143 1288 4.765513e-01 1.093116e-01 4.189687e-04 4.189687e-04 6.473270e-04 9.376223e-03 1.093116e-01 
144 1297 4.942158e-01 1.142783e-01 4.140912e-04 4.140912e-04 6.181845e-04 8.955434e-03 1.142783e-01 
145 1306 5.330510e-01 1.227591e-01 3.996683e-04 3.996683e-04 5.867453e-04 9.017555e-03 1.227591e-01 
146 1315 7.149244e-01 1.331566e-01 3.937526e-04 3.937526e-04 5.812877e-04 8.803129e-03 1.331566e-01 
147 1324 6.883573e-01 1.309509e-01 3.864160e-04 3.864160e-04 5.658205e-04 8.312710e-03 1.309509e-01 
148 1333 6.120822e-01 1.271319e-01 3.718655e-04 3.718655e-04 5.435024e-04 8.201193e-03 1.271319e-01 
149 1342 6.797895e-01 1.368250e-01 3.614305e-04 3.614305e-04 5.164068e-04 8.129520e-03 1.368250e-01 
150 1351 6.114136e-01 1.347788e-01 3.438146e-04 3.438146e-04 4.954414e-04 7.770441e-03 1.347788e-01 
151 1360 5.567268e-01 1.308293e-01 3.315213e-04 3.315213e-04 4.774312e-04 7.622399e-03 1.308293e-01 
152 1369 4.981973e-01 1.237099e-01 3.157456e-04 3.157456e-04 4.611068e-04 7.751714e-03 1.237099e-01 
153 1378 4.569495e-01 1.196883e-01 3.258458e-04 3.258458e-04 4.391414e-04 7.395048e-03 1.196883e-01 
154 1387 4.233737e-01 1.132470e-01 3.135850e-04 3.135850e-04 4.180989e-04 7.577584e-03 1.132470e-01 
155 1396 3.624987e-01 1.075258e-01 2.979329e-04 2.979329e-04 4.070359e-04 7.178476e-03 1.075258e-01 
156 1405 3.200828e-01 1.040087e-01 2.966506e-04 2.966506e-04 3.881222e-04 6.804911e-03 1.040087e-01 
157 1414 3.145418e-01 1.010380e-01 2.831372e-04 2.831372e-04 3.983484e-04 6.603360e-03 1.010380e-01 
158 1423 2.787522e-01 9.618431e-02 2.709729e-04 2.709729e-04 3.826600e-04 6.569255e-03 9.618431e-02 
159 1432 2.558185e-01 9.218503e-02 2.672829e-04 2.672829e-04 3.692754e-04 6.689045e-03 9.218503e-02 
160 1441 2.721155e-01 9.129292e-02 2.552762e-04 2.552762e-04 3.822959e-04 7.064001e-03 9.129292e-02 
161 1450 2.536014e-01 8.837840e-02 2.407983e-04 2.407983e-04 3.672650e-04 6.834054e-03 8.837840e-02 
162 1459 2.114763e-01 8.434824e-02 2.302544e-04 2.302544e-04 3.587241e-04 6.492586e-03 8.434824e-02 
163 1468 1.672423e-01 7.970618e-02 2.191846e-04 2.191846e-04 3.448850e-04 6.138953e-03 7.970618e-02 
164 1477 1.501623e-01 7.876957e-02 2.138315e-04 2.138315e-04 3.323501e-04 5.803350e-03 7.876957e-02 
165 1486 1.563896e-01 8.225327e-02 2.190944e-04 2.190944e-04 3.217804e-04 5.468128e-03 8.225327e-02 
166 1495 1.439232e-01 7.878834e-02 2.088017e-04 2.088017e-04 3.075159e-04 5.461371e-03 7.878834e-02 
167 1504 1.380910e-01 7.488059e-02 1.992568e-04 1.992568e-04 2.910811e-04 5.578710e-03 7.488059e-02 
168 1513 1.175010e-01 7.139419e-02 1.902375e-04 1.902375e-04 2.848594e-04 5.397729e-03 7.139419e-02 
169 1522 9.858888e-02 6.778807e-02 1.808842e-04 1.808842e-04 2.835419e-04 5.093984e-03 6.778807e-02 
170 1531 1.010185e-01 6.640128e-02 1.719513e-04 1.719513e-04 3.018502e-04 4.819421e-03 6.640128e-02 
171 1540 8.828269e-02 6.339372e-02 1.643646e-04 1.643646e-04 2.978129e-04 4.575598e-03 6.339372e-02 
172 1549 7.492071e-02 6.105408e-02 1.571185e-04 1.571185e-04 2.824203e-04 4.425405e-03 6.105408e-02 
173 1558 7.412754e-02 5.802630e-02 1.540267e-04 1.540267e-04 2.734744e-04 4.478199e-03 5.802630e-02 
174 1567 7.498078e-02 6.019048e-02 1.480384e-04 1.480384e-04 2.678134e-04 4.250593e-03 6.019048e-02 
175 1576 6.746546e-02 5.873799e-02 1.435982e-04 1.435982e-04 2.535224e-04 4.084436e-03 5.873799e-02 
176 1585 6.093970e-02 5.553013e-02 1.464777e-04 1.464777e-04 2.397084e-04 3.856010e-03 5.553013e-02 
177 1594 5.817389e-02 5.299228e-02 1.499753e-04 1.499753e-04 2.267839e-04 3.665249e-03 5.299228e-02 
178 1603 6.844371e-02 5.250838e-02 1.699922e-04 1.699922e-04 2.254027e-04 3.451023e-03 5.250838e-02 
179 1612 7.883593e-02 4.959960e-02 1.978401e-04 1.978401e-04 2.142232e-04 3.294099e-03 4.959960e-02 
180 1621 9.534889e-02 4.818728e-02 2.017664e-04 2.017664e-04 2.203793e-04 3.297993e-03 4.818728e-02 
181 1630 1.128946e-01 4.923660e-02 1.900403e-04 1.900403e-04 2.400493e-04 3.219682e-03 4.923660e-02 
182 1639 1.408182e-01 5.090157e-02 1.802147e-04 1.802147e-04 2.713094e-04 3.061179e-03 5.090157e-02 
183 1648 1.820604e-01 5.207757e-02 1.695312e-04 1.695312e-04 3.160146e-04 2.885652e-03 5.207757e-02 
184 1657 2.229446e-01 5.150436e-02 1.669748e-04 1.669748e-04 3.371849e-04 2.786783e-03 5.150436e-02 
185 1666 2.227465e-01 4.899519e-02 1.611632e-04 1.611632e-04 3.381187e-04 2.645789e-03 4.899519e-02 
186 1675 2.550405e-01 5.035965e-02 1.758968e-04 1.758968e-04 3.254038e-04 2.698499e-03 5.035965e-02 
187 1684 2.301195e-01 4.801491e-02 1.677924e-04 1.677924e-04 3.190068e-04 2.605631e-03 4.801491e-02 
188 1693 2.091995e-01 4.671224e-02 1.593876e-04 1.593876e-04 3.098123e-04 2.520211e-03 4.671224e-02 
189 1702 1.931719e-01 4.509326e-02 1.609930e-04 1.609930e-04 3.024293e-04 2.459005e-03 4.509326e-02 
190 1711 1.694338e-01 4.306927e-02 1.541300e-04 1.541300e-04 2.933948e-04 2.377502e-03 4.306927e-02 
191 1720 1.523306e-01 4.147046e-02 1.524757e-04 1.524757e-04 2.766127e-04 2.276196e-03 4.147046e-02 
192 1729 1.367112e-01 4.078633e-02 1.455776e-04 1.455776e-04 2.633860e-04 2.211251e-03 4.078633e-02 
193 1738 1.264002e-01 4.138623e-02 1.408243e-04 1.408243e-04 2.488325e-04 2.207984e-03 4.138623e-02 
194 1747 1.260451e-01 3.934825e-02 1.336319e-04 1.336319e-04 2.378357e-04 2.381209e-03 3.934825e-02 
195 1756 1.121243e-01 3.786354e-02 1.271129e-04 1.271129e-04 2.364862e-04 2.376619e-03 3.786354e-02 
196 1765 8.215785e-02 3.573798e-02 1.200556e-04 1.200556e-04 2.261816e-04 2.239214e-03 3.573798e-02 
197 1774 7.202163e-02 3.500834e-02 1.155421e-04 1.155421e-04 2.185212e-04 2.123367e-03 3.500834e-02 
198 1783 7.955812e-02 3.317919e-02 1.168133e-04 1.168133e-04 2.063425e-04 2.379422e-03 3.317919e-02 
199 1792 9.155973e-02 3.174970e-02 1.132768e-04 1.132768e-04 1.953352e-04 2.703017e-03 3.174970e-02 
200 1801 8.759166e-02 2.994044e-02 1.080302e-04 1.080302e-04 1.849920e-04 2.685940e-03 2.994044e-02 
201 1810 8.510522e-02 2.896993e-02 1.043246e-04 1.043246e-04 1.767684e-04 2.734143e-03 2.896993e-02 
202 1819 8.474460e-02 2.735584e-02 1.080268e-04 1.080268e-04 1.667869e-04 2.764783e-03 2.735584e-02 
203 1828 8.395007e-02 2.899919e-02 1.055227e-04 1.055227e-04 1.653719e-04 2.656898e-03 2.899919e-02 
204 1837 7.191185e-02 2.759579e-02 1.004606e-04 1.004606e-04 1.573176e-04 2.633061e-03 2.759579e-02 
205 1846 6.809768e-02 2.619548e-02 9.636031e-05 9.636031e-05 1.509537e-04 2.819557e-03 2.619548e-02 
206 1855 5.611384e-02 2.568653e-02 9.183876e-05 9.183876e-05 1.438238e-04 2.672258e-03 2.568653e-02 
207 1864 5.538302e-02 2.647385e-02 8.835798e-05 8.835798e-05 1.393711e-04 2.701288e-03 2.647385e-02 
208 1873 4.907087e-02 2.537672e-02 8.366192e-05 8.366192e-05 1.314531e-04 2.668062e-03 2.537672e-02 
209 1882 4.318692e-02 2.390598e-02 7.999877e-05 7.999877e-05 1.251303e-04 2.614059e-03 2.390598e-02 
210 1891 4.099531e-02 2.373710e-02 7.774208e-05 7.774208e-05 1.240879e-04 2.530677e-03 2.373710e-02 
211 1900 4.045972e-02 2.340281e-02 7.996651e-05 7.996651e-05 1.181264e-04 2.484433e-03 2.340281e-02 
212 1909 4.013600e-02 2.223015e-02 7.616077e-05 7.616077e-05 1.124403e-04 2.693732e-03 2.223015e-02 
213 1918 4.385768e-02 2.343264e-02 7.265710e-05 7.265710e-05 1.152034e-04 2.631825e-03 2.343264e-02 
214 1927 4.276449e-02 2.265040e-02 7.102447e-05 7.102447e-05 1.110183e-04 2.653269e-03 2.265040e-02 
215 1936 3.650885e-02 2.176383e-02 6.751391e-05 6.751391e-05 1.108059e-04 2.509913e-03 2.176383e-02 
216 1945 3.832809e-02 2.105395e-02 6.813929e-05 6.813929e-05 1.136863e-04 2.485411e-03 2.105395e-02 
217 1954 3.090218e-02 1.993125e-02 6.484455e-05 6.484455e-05 1.080479e-04 2.372224e-03 1.993125e-02 
218 1963 3.193076e-02 1.977120e-02 6.167906e-05 6.167906e-05 1.017020e-04 2.526609e-03 1.977120e-02 
219 1972 2.769560e-02 1.879288e-02 6.025848e-05 6.025848e-05 9.635063e-05 2.412469e-03 1.879288e-02 
220 1981 2.723589e-02 1.817244e-02 5.899793e-05 5.899793e-05 9.367248e-05 2.397893e-03 1.817244e-02 
221 1990 2.785040e-02 1.733739e-02 6.191341e-05 6.191341e-05 9.114751e-05 2.328514e-03 1.733739e-02 
222 1999 2.290332e-02 1.659279e-02 6.209045e-05 6.209045e-05 8.739491e-05 2.201239e-03 1.659279e-02 
223 2008 2.218526e-02 1.615263e-02 6.362822e-05 6.362822e-05 8.636784e-05 2.122867e-03 1.615263e-02 
224 2017 1.868316e-02 1.580887e-02 6.027924e-05 6.027924e-05 8.301973e-05 2.023198e-03 1.580887e-02 
225 2026 2.028039e-02 1.560457e-02 5.907771e-05 5.907771e-05 8.091737e-05 2.200396e-03 1.560457e-02 
226 2035 2.409282e-02 1.602982e-02 6.318417e-05 6.318417e-05 7.649700e-05 2.198165e-03 1.602982e-02 
227 2044 2.593816e-02 1.909478e-02 6.190338e-05 6.190338e-05 7.642951e-05 2.116015e-03 1.909478e-02 
228 2053 2.542594e-02 1.851877e-02 6.038287e-05 6.038287e-05 7.632142e-05 2.002843e-03 1.851877e-02 
229 2062 2.128064e-02 1.766809e-02 5.817152e-05 5.817152e-05 7.200010e-05 1.916430e-03 1.766809e-02 
230 2071 1.913653e-02 1.688866e-02 5.724756e-05 5.724756e-05 6.935262e-05 1.807501e-03 1.688866e-02 
231 2080 1.782306e-02 1.608218e-02 5.464114e-05 5.464114e-05 6.981335e-05 1.733152e-03 1.608218e-02 
232 2089 1.634230e-02 1.578996e-02 5.214150e-05 5.214150e-05 6.745041e-05 1.705210e-03 1.578996e-02 
233 2098 1.493411e-02 1.563724e-02 5.275284e-05 5.275284e-05 6.531167e-05 1.659460e-03 1.563724e-02 
234 2107 1.410036e-02 1.524311e-02 5.241355e-05 5.241355e-05 6.487282e-05 1.614244e-03 1.524311e-02 
235 2116 1.184405e-02 1.474338e-02 5.009629e-05 5.009629e-05 6.304736e-05 1.527762e-03 1.474338e-02 
236 2125 1.116439e-02 1.460343e-02 4.760207e-05 4.760207e-05 6.048095e-05 1.513717e-03 1.460343e-02 
237 2134 1.110347e-02 1.394558e-02 4.548681e-05 4.548681e-05 6.531583e-05 1.480100e-03 1.394558e-02 
238 2143 1.004417e-02 1.330795e-02 4.557390e-05 4.557390e-05 6.290227e-05 1.412323e-03 1.330795e-02 
239 2152 1.285991e-02 1.291463e-02 4.648694e-05 4.648694e-05 7.582643e-05 1.385709e-03 1.291463e-02 
240 2161 1.439053e-02 1.320352e-02 4.530046e-05 4.530046e-05 7.576729e-05 1.318761e-03 1.320352e-02 
241 2170 1.646969e-02 1.309110e-02 4.305924e-05 4.305924e-05 8.413701e-05 1.255589e-03 1.309110e-02 
242 2179 1.565025e-02 1.242226e-02 4.541771e-05 4.541771e-05 8.104635e-05 1.236441e-03 1.242226e-02 
243 2188 1.528511e-02 1.231072e-02 4.502977e-05 4.502977e-05 7.720484e-05 1.230771e-03 1.231072e-02 
244 2197 1.294083e-02 1.198584e-02 4.402319e-05 4.402319e-05 7.281916e-05 1.222880e-03 1.198584e-02 
245 2206 1.295473e-02 1.148045e-02 4.522136e-05 4.522136e-05 7.078742e-05 1.238979e-03 1.148045e-02 
246 2215 1.264396e-02 1.085517e-02 4.697393e-05 4.697393e-05 6.759046e-05 1.201309e-03 1.085517e-02 
247 2224 1.080497e-02 1.049481e-02 4.605454e-05 4.605454e-05 6.579818e-05 1.140927e-03 1.049481e-02 
248 2233 9.425351e-03 1.019421e-02 4.417533e-05 4.417533e-05 6.319016e-05 1.124655e-03 1.019421e-02 
249 2242 9.878325e-03 9.751593e-03 4.682353e-05 4.682353e-05 6.583076e-05 1.084702e-03 9.751593e-03 
250 2251 9.316789e-03 9.226460e-03 4.667357e-05 4.667357e-05 6.382900e-05 1.044621e-03 9.226460e-03 
251 2260 7.333561e-03 8.758046e-03 4.410842e-05 4.410842e-05 6.033078e-05 9.973871e-04 8.758046e-03 
252 2269 7.074820e-03 8.562175e-03 4.490023e-05 4.490023e-05 5.883906e-05 9.458003e-04 8.562175e-03 
253 2278 7.232774e-03 8.295413e-03 4.308497e-05 4.308497e-05 6.149352e-05 9.259547e-04 8.295413e-03 
254 2287 7.589727e-03 7.850654e-03 4.639116e-05 4.639116e-05 5.829167e-05 9.065344e-04 7.850654e-03 
255 2296 7.122428e-03 7.459481e-03 4.518040e-05 4.518040e-05 5.570866e-05 8.638766e-04 7.459481e-03 
256 2305 6.191453e-03 7.466269e-03 4.314414e-05 4.314414e-05 5.269492e-05 8.226934e-04 7.466269e-03 
257 2314 5.190903e-03 7.191484e-03 4.267537e-05 4.267537e-05 5.118858e-05 7.764943e-04 7.191484e-03 
258 2323 4.279031e-03 6.861207e-03 4.047251e-05 4.047251e-05 4.954442e-05 7.510571e-04 6.861207e-03 
259 2332 4.176627e-03 6.714088e-03 4.007770e-05 4.007770e-05 4.817599e-05 7.392811e-04 6.714088e-03 
260 2341 4.043956e-03 6.664429e-03 3.852485e-05 3.852485e-05 4.691804e-05 7.027452e-04 6.664429e-03 
261 2350 3.763228e-03 6.669196e-03 3.742752e-05 3.742752e-05 4.570849e-05 6.823939e-04 6.669196e-03 
262 2359 3.043861e-03 6.432362e-03 3.544899e-05 3.544899e-05 4.327669e-05 6.535623e-04 6.432362e-03 
263 2368 2.950584e-03 6.079434e-03 3.389199e-05 3.389199e-05 4.458755e-05 6.395761e-04 6.079434e-03 
264 2377 3.069363e-03 5.761927e-03 3.446307e-05 3.446307e-05 4.448452e-05 6.449836e-04 5.761927e-03 
265 2386 2.560027e-03 5.435871e-03 3.268124e-05 3.268124e-05 4.419503e-05 6.226139e-04 5.435871e-03 
266 2395 2.133719e-03 5.139926e-03 3.128395e-05 3.128395e-05 4.230263e-05 6.003217e-04 5.139926e-03 
267 2404 2.283648e-03 5.073157e-03 3.102042e-05 3.102042e-05 4.523234e-05 5.871412e-04 5.073157e-03 
268 2413 2.341464e-03 5.566849e-03 2.935955e-05 2.935955e-05 4.467789e-05 5.577803e-04 5.566849e-03 
269 2422 2.647006e-03 5.707528e-03 3.059515e-05 3.059515e-05 4.243057e-05 5.569770e-04 5.707528e-03 
270 2431 2.479301e-03 5.419091e-03 2.999283e-05 2.999283e-05 4.033970e-05 5.311029e-04 5.419091e-03 
271 2440 2.464482e-03 5.375520e-03 2.920980e-05 2.920980e-05 4.104062e-05 5.086162e-04 5.375520e-03 
272 2449 2.257777e-03 5.070405e-03 2.789540e-05 2.789540e-05 4.004132e-05 4.924503e-04 5.070405e-03 
273 2458 2.108584e-03 4.879860e-03 2.689425e-05 2.689425e-05 3.847092e-05 4.942697e-04 4.879860e-03 
274 2467 2.115854e-03 4.860931e-03 2.577100e-05 2.577100e-05 3.961053e-05 5.060209e-04 4.860931e-03 
275 2476 2.476927e-03 4.752738e-03 2.778357e-05 2.778357e-05 4.032777e-05 4.909253e-04 4.752738e-03 
276 2485 2.540332e-03 4.762289e-03 2.877563e-05 2.877563e-05 3.871621e-05 4.674882e-04 4.762289e-03 
277 2494 3.061777e-03 5.671604e-03 2.767967e-05 2.767967e-05 3.751531e-05 4.883222e-04 5.671604e-03 
278 2503 2.869331e-03 5.558728e-03 2.668774e-05 2.668774e-05 3.589671e-05 4.611643e-04 5.558728e-03 
279 2512 2.448377e-03 5.514856e-03 2.557462e-05 2.557462e-05 3.389307e-05 4.541345e-04 5.514856e-03 
280 2521 2.581894e-03 6.283129e-03 2.411472e-05 2.411472e-05 3.331745e-05 4.282240e-04 6.283129e-03 
281 2530 2.325010e-03 6.139909e-03 2.283623e-05 2.283623e-05 3.208670e-05 4.041055e-04 6.139909e-03 
282 2539 2.069148e-03 5.956746e-03 2.161023e-05 2.161023e-05 3.049218e-05 3.841591e-04 5.956746e-03 
283 2548 1.866101e-03 5.877481e-03 2.058959e-05 2.058959e-05 2.897444e-05 3.707444e-04 5.877481e-03 
284 2557 1.806242e-03 5.886082e-03 1.970151e-05 1.970151e-05 2.954610e-05 3.506619e-04 5.886082e-03 
285 2566 1.610470e-03 5.766289e-03 1.878263e-05 1.878263e-05 2.876567e-05 3.459968e-04 5.766289e-03 
286 2575 1.397189e-03 5.527315e-03 1.839224e-05 1.839224e-05 2.720989e-05 3.300088e-04 5.527315e-03 
287 2584 1.146464e-03 5.241182e-03 1.800874e-05 1.800874e-05 2.655759e-05 3.195056e-04 5.241182e-03 
288 2593 1.000153e-03 4.963497e-03 1.714853e-05 1.714853e-05 2.641729e-05 3.071343e-04 4.963497e-03 
289 2602 1.022472e-03 4.704268e-03 1.668639e-05 1.668639e-05 2.826290e-05 2.921208e-04 4.704268e-03 
290 2611 8.935057e-04 4.475404e-03 1.635031e-05 1.635031e-05 2.751177e-05 2.850109e-04 4.475404e-03 
291 2620 8.527523e-04 4.305856e-03 1.549127e-05 1.549127e-05 2.772947e-05 2.866615e-04 4.305856e-03 
292 2629 8.033327e-04 4.496301e-03 1.530648e-05 1.530648e-05 2.663537e-05 2.774829e-04 4.496301e-03 
293 2638 8.030503e-04 4.508664e-03 1.546548e-05 1.546548e-05 2.641243e-05 2.676450e-04 4.508664e-03 
294 2647 7.001603e-04 4.362082e-03 1.469934e-05 1.469934e-05 2.491593e-05 2.640663e-04 4.362082e-03 
295 2656 6.263401e-04 4.177550e-03 1.404605e-05 1.404605e-05 2.391419e-05 2.703454e-04 4.177550e-03 
296 2665 5.241734e-04 3.973592e-03 1.347046e-05 1.347046e-05 2.332239e-05 2.663590e-04 3.973592e-03 
297 2674 4.861825e-04 3.903543e-03 1.363582e-05 1.363582e-05 2.222863e-05 2.514105e-04 3.903543e-03 
298 2683 6.073171e-04 3.702733e-03 1.388062e-05 1.388062e-05 2.181750e-05 2.993266e-04 3.702733e-03 
299 2692 5.795499e-04 3.533761e-03 1.315826e-05 1.315826e-05 2.061915e-05 2.923270e-04 3.533761e-03 
300 2701 5.146729e-04 3.481211e-03 1.241918e-05 1.241918e-05 1.963027e-05 2.871093e-04 3.481211e-03 
301 2710 4.426146e-04 3.303431e-03 1.187281e-05 1.187281e-05 1.873372e-05 2.900676e-04 3.303431e-03 
302 2719 4.027019e-04 3.239774e-03 1.125314e-05 1.125314e-05 1.791345e-05 2.788422e-04 3.239774e-03 
303 2728 3.695047e-04 3.071935e-03 1.140694e-05 1.140694e-05 1.711277e-05 2.752829e-04 3.071935e-03 
304 2737 3.112746e-04 2.952452e-03 1.097176e-05 1.097176e-05 1.619439e-05 2.652872e-04 2.952452e-03 
305 2746 2.930678e-04 2.900015e-03 1.050615e-05 1.050615e-05 1.631750e-05 2.541830e-04 2.900015e-03 
306 2755 2.619436e-04 2.741918e-03 1.050183e-05 1.050183e-05 1.590810e-05 2.465940e-04 2.741918e-03 
307 2764 2.580781e-04 2.886729e-03 1.009317e-05 1.009317e-05 1.580338e-05 2.386057e-04 2.886729e-03 
308 2773 2.531342e-04 2.850125e-03 9.604012e-06 9.604012e-06 1.581731e-05 2.248472e-04 2.850125e-03 
309 2782 2.416700e-04 2.709816e-03 9.146762e-06 9.146762e-06 1.502078e-05 2.380090e-04 2.709816e-03 
310 2791 2.075673e-04 2.572251e-03 8.713433e-06 8.713433e-06 1.509452e-05 2.358143e-04 2.572251e-03 
311 2800 2.035897e-04 2.633823e-03 8.834244e-06 8.834244e-06 1.441573e-05 2.273506e-04 2.633823e-03 
312 2809 1.988140e-04 2.502935e-03 8.643529e-06 8.643529e-06 1.520518e-05 2.147664e-04 2.502935e-03 
313 2818 1.626825e-04 2.364725e-03 8.353258e-06 8.353258e-06 1.463702e-05 2.112704e-04 2.364725e-03 
314 2827 1.337227e-04 2.284704e-03 7.949918e-06 7.949918e-06 1.392300e-05 2.000494e-04 2.284704e-03 
315 2836 1.348898e-04 2.423838e-03 7.478442e-06 7.478442e-06 1.404777e-05 1.888261e-04 2.423838e-03 
316 2845 1.344853e-04 2.320626e-03 7.108615e-06 7.108615e-06 1.357150e-05 1.957804e-04 2.320626e-03 
317 2854 1.338792e-04 2.466087e-03 6.809818e-06 6.809818e-06 1.293380e-05 1.864445e-04 2.466087e-03 
318 2863 1.310654e-04 2.498032e-03 6.469428e-06 6.469428e-06 1.226645e-05 1.828804e-04 2.498032e-03 
319 2872 1.416092e-04 2.757671e-03 6.408202e-06 6.408202e-06 1.188831e-05 1.747960e-04 2.757671e-03 
320 2881 1.222229e-04 2.691525e-03 6.109607e-06 6.109607e-06 1.119814e-05 1.709201e-04 2.691525e-03 
321 2890 1.100670e-04 2.544967e-03 5.880791e-06 5.880791e-06 1.062180e-05 1.726629e-04 2.544967e-03 
322 2899 9.872122e-05 2.416356e-03 5.608868e-06 5.608868e-06 1.012054e-05 1.717696e-04 2.416356e-03 
323 2908 8.840407e-05 2.279992e-03 5.411644e-06 5.411644e-06 9.578387e-06 1.688587e-04 2.279992e-03 
324 2917 8.616716e-05 2.206068e-03 5.277238e-06 5.277238e-06 1.002887e-05 1.597617e-04 2.206068e-03 
325 2926 8.642961e-05 2.229975e-03 5.391363e-06 5.391363e-06 9.914698e-06 1.511266e-04 2.229975e-03 
326 2935 8.422167e-05 2.124860e-03 5.620300e-06 5.620300e-06 9.778209e-06 1.446161e-04 2.124860e-03 
327 2944 7.532096e-05 2.011473e-03 5.496910e-06 5.496910e-06 9.762858e-06 1.365858e-04 2.011473e-03 
328 2953 6.431087e-05 1.911337e-03 5.384463e-06 5.384463e-06 9.402089e-06 1.325526e-04 1.911337e-03 
329 2962 5.315449e-05 1.816981e-03 5.180385e-06 5.180385e-06 9.194539e-06 1.249647e-04 1.816981e-03 
330 2971 4.822528e-05 1.723906e-03 4.986730e-06 4.986730e-06 8.687401e-06 1.269189e-04 1.723906e-03 
331 2980 4.273788e-05 1.643232e-03 4.919361e-06 4.919361e-06 8.261331e-06 1.214823e-04 1.643232e-03 
332 2989 4.695007e-05 1.802478e-03 4.807345e-06 4.807345e-06 8.097552e-06 1.171610e-04 1.802478e-03 
333 2998 4.138014e-05 1.732242e-03 4.584045e-06 4.584045e-06 7.749180e-06 1.124183e-04 1.732242e-03 
334 3007 3.629118e-05 1.662623e-03 4.462252e-06 4.462252e-06 7.544620e-06 1.081939e-04 1.662623e-03 
335 3016 3.105431e-05 1.575898e-03 4.318988e-06 4.318988e-06 7.108733e-06 1.034164e-04 1.575898e-03 
336 3025 2.767808e-05 1.483206e-03 4.085765e-06 4.085765e-06 7.260409e-06 9.868648e-05 1.483206e-03 
337 3034 2.753319e-05 1.512576e-03 3.903595e-06 3.903595e-06 7.314978e-06 9.391247e-05 1.512576e-03 
338 3043 2.571533e-05 1.457530e-03 3.871583e-06 3.871583e-06 7.133367e-06 9.369088e-05 1.457530e-03 
339 3052 2.648066e-05 1.382024e-03 3.871681e-06 3.871681e-06 7.589456e-06 8.998122e-05 1.382024e-03 
340 3061 3.013501e-05 1.343206e-03 3.898699e-06 3.898699e-06 8.577797e-06 8.927085e-05 1.343206e-03 
341 3070 3.796380e-05 1.336993e-03 3.693504e-06 3.693504e-06 1.053855e-05 8.544155e-05 1.336993e-03 
342 3079 4.170092e-05 1.282204e-03 3.574484e-06 3.574484e-06 1.016268e-05 9.667864e-05 1.282204e-03 
343 3088 3.586380e-05 1.229186e-03 3.442773e-06 3.442773e-06 9.959927e-06 9.458422e-05 1.229186e-03 
344 3097 3.375869e-05 1.178917e-03 3.547159e-06 3.547159e-06 9.705108e-06 9.398656e-05 1.178917e-03 
345 3106 2.803690e-05 1.122942e-03 3.399507e-06 3.399507e-06 9.381385e-06 8.935800e-05 1.122942e-03 
346 3115 2.868222e-05 1.084984e-03 3.221367e-06 3.221367e-06 1.053839e-05 8.482103e-05 1.084984e-03 
347 3124 2.897188e-05 1.031843e-03 3.134375e-06 3.134375e-06 1.088803e-05 8.207417e-05 1.031843e-03 
348 3133 2.906537e-05 1.039897e-03 2.984543e-06 2.984543e-06 1.049484e-05 8.246176e-05 1.039897e-03 
349 3142 2.873709e-05 1.087326e-03 2.927014e-06 2.927014e-06 9.934796e-06 7.818798e-05 1.087326e-03 
350 3151 2.419194e-05 1.036385e-03 2.801559e-06 2.801559e-06 9.361239e-06 7.570603e-05 1.036385e-03 
351 3160 2.022376e-05 9.967135e-04 2.665725e-06 2.665725e-06 8.924845e-06 7.152545e-05 9.967135e-04 
352 3169 1.999222e-05 9.901068e-04 2.922926e-06 2.922926e-06 8.501655e-06 6.830647e-05 9.901068e-04 
353 3178 2.426675e-05 1.092020e-03 2.889142e-06 2.889142e-06 8.729887e-06 6.708892e-05 1.092020e-03 
354 3187 2.290679e-05 1.087108e-03 2.726273e-06 2.726273e-06 8.483645e-06 6.582623e-05 1.087108e-03 
355 3196 1.795670e-05 1.033906e-03 2.628200e-06 2.628200e-06 8.059530e-06 6.273875e-05 1.033906e-03 
356 3205 1.588785e-05 1.024298e-03 2.495216e-06 2.495216e-06 7.744167e-06 5.929387e-05 1.024298e-03 
357 3214 1.589576e-05 1.032269e-03 2.437516e-06 2.437516e-06 7.596294e-06 5.824488e-05 1.032269e-03 
358 3223 1.523380e-05 1.023141e-03 2.376545e-06 2.376545e-06 7.412403e-06 5.566901e-05 1.023141e-03 
359 3232 1.465433e-05 1.088470e-03 2.317292e-06 2.317292e-06 7.109834e-06 5.333100e-05 1.088470e-03 
360 3241 1.602177e-05 1.057399e-03 2.459700e-06 2.459700e-06 6.732854e-06 5.441606e-05 1.057399e-03 
361 3250 1.462531e-05 1.035811e-03 2.378815e-06 2.378815e-06 6.557993e-06 5.181290e-05 1.035811e-03 
362 3259 1.375669e-05 9.910434e-04 2.386867e-06 2.386867e-06 6.243582e-06 4.905232e-05 9.910434e-04 
363 3268 1.239136e-05 9.761093e-04 2.268427e-06 2.268427e-06 5.932426e-06 4.715824e-05 9.761093e-04 
364 3277 1.277412e-05 9.435699e-04 2.185351e-06 2.185351e-06 5.614735e-06 5.032179e-05 9.435699e-04 
365 3286 1.244301e-05 9.004307e-04 2.377874e-06 2.377874e-06 5.359290e-06 4.868504e-05 9.004307e-04 
366 3295 1.044517e-05 8.780333e-04 2.253659e-06 2.253659e-06 5.065884e-06 4.587867e-05 8.780333e-04 
367 3304 8.293100e-06 8.314730e-04 2.135419e-06 2.135419e-06 4.791863e-06 4.329119e-05 8.314730e-04 
368 3313 7.443999e-06 8.385500e-04 2.031597e-06 2.031597e-06 4.526809e-06 4.295103e-05 8.385500e-04 
369 3322 5.841079e-06 7.933805e-04 1.936925e-06 1.936925e-06 4.322201e-06 4.098133e-05 7.933805e-04 
370 3331 6.657698e-06 7.549762e-04 2.169009e-06 2.169009e-06 4.238548e-06 4.255463e-05 7.549762e-04 
371 3340 6.393880e-06 7.189427e-04 2.089308e-06 2.089308e-06 4.034815e-06 4.232458e-05 7.189427e-04 
372 3349 6.368443e-06 6.793811e-04 2.107168e-06 2.107168e-06 3.796105e-06 4.163168e-05 6.793811e-04 
373 3358 5.950304e-06 6.803826e-04 2.035920e-06 2.035920e-06 3.612546e-06 4.123031e-05 6.803826e-04 
374 3367 4.907136e-06 6.487109e-04 1.947104e-06 1.947104e-06 3.424290e-06 3.896627e-05 6.487109e-04 
375 3376 4.653161e-06 6.486352e-04 1.890992e-06 1.890992e-06 3.390843e-06 3.735935e-05 6.486352e-04 
376 3385 4.221782e-06 6.147735e-04 1.891494e-06 1.891494e-06 3.280995e-06 3.574646e-05 6.147735e-04 
377 3394 4.094736e-06 5.868222e-04 1.897876e-06 1.897876e-06 3.434868e-06 3.375557e-05 5.868222e-04 
378 3403 4.225486e-06 5.760225e-04 1.946616e-06 1.946616e-06 3.468657e-06 3.214167e-05 5.760225e-04 
379 3412 4.355453e-06 5.508740e-04 2.078443e-06 2.078443e-06 3.300017e-06 3.043531e-05 5.508740e-04 
380 3421 4.065636e-06 5.591200e-04 1.987677e-06 1.987677e-06 3.188510e-06 2.865789e-05 5.591200e-04 
381 3430 3.738596e-06 5.352172e-04 1.918243e-06 1.918243e-06 3.108398e-06 2.796974e-05 5.352172e-04 
382 3439 3.312533e-06 5.215851e-04 1.865539e-06 1.865539e-06 2.947850e-06 2.720362e-05 5.215851e-04 
1 3458 1.550185e+02 9.098278e-01 1.113016e-02 1.113016e-02 2.247829e-02 3.609229e-01 9.098278e-01 
2 3475 1.372007e+02 8.437172e-01 1.046640e-02 1.046640e-02 2.216563e-02 3.350890e-01 8.437172e-01 
3 3492 1.472912e+02 7.587384e-01 1.137128e-02 1.137128e-02 2.183279e-02 3.022829e-01 7.587384e-01 
4 3509 1.703068e+02 6.846581e-01 1.201919e-02 1.201919e-02 2.336124e-02 2.743618e-01 6.846581e-01 
5 3526 1.687532e+02 6.235922e-01 1.134338e-02 1.134338e-02 2.348096e-02 2.562015e-01 6.235922e-01 
6 3543 1.305705e+02 5.632893e-01 1.064449e-02 1.064449e-02 2.146529e-02 2.326877e-01 5.632893e-01 
7 3560 1.247880e+02 5.079828e-01 9.777839e-03 9.777839e-03 2.124604e-02 2.245773e-01 5.079828e-01 
8 3577 1.013065e+02 4.571830e-01 8.998228e-03 8.998228e-03 2.005360e-02 2.080693e-01 4.571830e-01 
9 3594 9.339754e+01 4.103582e-01 9.051643e-03 9.051643e-03 1.949860e-02 1.895956e-01 4.103582e-01 
10 3611 8.592716e+01 3.769670e-01 8.247191e-03 8.247191e-03 1.912543e-02 1.845440e-01 3.769670e-01 
11 3628 6.699218e+01 3.414947e-01 7.552399e-03 7.552399e-03 1.793470e-02 1.678351e-01 3.414947e-01 
12 3645 5.344184e+01 3.086577e-01 7.261174e-03 7.261174e-03 1.648620e-02 1.588339e-01 3.086577e-01 
13 3662 4.443446e+01 2.834141e-01 7.086425e-03 7.086425e-03 1.636247e-02 1.501115e-01 2.834141e-01 
14 3679 3.568196e+01 2.666688e-01 6.904572e-03 6.904572e-03 1.509797e-02 1.431781e-01 2.666688e-01 
15 3696 3.236067e+01 2.449549e-01 7.672641e-03 7.672641e-03 1.450188e-02 1.320626e-01 2.449549e-01 
16 3713 3.375875e+01 2.266416e-01 8.023166e-03 8.023166e-03 1.323436e-02 1.281023e-01 2.266416e-01 
17 3730 4.554974e+01 2.124700e-01 8.061160e-03 8.061160e-03 1.330356e-02 1.204030e-01 2.124700e-01 
18 3747 4.443029e+01 1.949656e-01 7.605144e-03 7.605144e-03 1.193647e-02 1.124448e-01 1.949656e-01 
19 3764 5.594358e+01 1.927610e-01 7.388182e-03 7.388182e-03 1.361337e-02 1.094239e-01 1.927610e-01 
20 3781 5.879343e+01 1.816473e-01 6.833687e-03 6.833687e-03 1.375407e-02 1.025518e-01 1.816473e-01 
21 3798 6.282455e+01 1.817944e-01 6.848912e-03 6.848912e-03 1.282845e-02 9.511529e-02 1.817944e-01 
22 3815 5.506437e+01 1.760315e-01 6.762273e-03 6.762273e-03 1.232770e-02 8.962553e-02 1.760315e-01 
23 3832 4.601093e+01 1.649287e-01 6.095313e-03 6.095313e-03 1.144771e-02 8.505060e-02 1.649287e-01 
24 3849 3.826624e+01 1.520428e-01 6.020360e-03 6.020360e-03 1.054150e-02 7.972334e-02 1.520428e-01 
25 3866 3.596988e+01 1.419796e-01 5.806749e-03 5.806749e-03 1.014614e-02 7.356163e-02 1.419796e-01 
26 3883 3.565893e+01 1.366057e-01 5.579937e-03 5.579937e-03 9.791738e-03 6.765114e-02 1.366057e-01 
27 3900 4.028037e+01 1.358981e-01 5.470405e-03 5.470405e-03 9.849869e-03 6.595390e-02 1.358981e-01 
28 3917 3.780302e+01 1.351691e-01 5.187267e-03 5.187267e-03 9.102848e-03 6.208741e-02 1.351691e-01 
29 3934 3.537330e+01 1.238559e-01 4.731216e-03 4.731216e-03 8.902995e-03 6.041673e-02 1.238559e-01 
30 3951 3.697364e+01 1.140128e-01 4.432443e-03 4.432443e-03 9.432640e-03 5.890214e-02 1.140128e-01 
31 3968 3.670787e+01 1.072579e-01 4.374266e-03 4.374266e-03 9.403797e-03 5.308666e-02 1.072579e-01 
32 3985 3.930539e+01 9.939500e-02 4.577271e-03 4.577271e-03 8.854146e-03 5.451744e-02 9.939500e-02 
33 4002 3.377337e+01 9.095532e-02 4.516767e-03 4.516767e-03 8.060477e-03 5.127336e-02 9.095532e-02 
34 4019 2.491031e+01 8.439769e-02 4.288721e-03 4.288721e-03 7.329698e-03 4.697858e-02 8.439769e-02 
35 4036 2.340285e+01 7.831900e-02 4.100158e-03 4.100158e-03 6.831096e-03 4.706126e-02 7.831900e-02 
36 4053 2.533681e+01 7.191843e-02 4.101138e-03 4.101138e-03 6.243145e-03 4.938759e-02 7.191843e-02 
37 4070 1.865075e+01 6.544988e-02 3.898353e-03 3.898353e-03 5.650009e-03 4.658757e-02 6.544988e-02 
38 4087 2.089842e+01 6.930072e-02 3.985650e-03 3.985650e-03 5.374155e-03 4.615510e-02 6.930072e-02 
39 4104 2.253179e+01 6.713940e-02 3.916204e-03 3.916204e-03 5.183517e-03 4.193721e-02 6.713940e-02 
40 4121 2.232608e+01 6.460540e-02 3.994867e-03 3.994867e-03 4.695637e-03 3.956821e-02 6.460540e-02 
41 4138 2.079590e+01 5.961848e-02 4.014613e-03 4.014613e-03 4.485448e-03 3.768074e-02 5.961848e-02 
42 4155 2.013592e+01 5.706316e-02 3.930060e-03 3.930060e-03 4.346305e-03 3.510796e-02 5.706316e-02 
43 4172 2.178292e+01 6.021546e-02 3.713619e-03 3.713619e-03 4.431323e-03 3.328002e-02 6.021546e-02 
44 4189 1.954757e+01 5.575249e-02 3.408123e-03 3.408123e-03 4.468404e-03 3.057647e-02 5.575249e-02 
45 4206 1.752285e+01 5.195861e-02 3.064369e-03 3.064369e-03 4.285407e-03 2.889259e-02 5.195861e-02 
46 4223 1.257241e+01 4.772353e-02 2.855486e-03 2.855486e-03 4.061340e-03 2.614422e-02 4.772353e-02 
47 4240 1.585421e+01 4.859157e-02 2.684325e-03 2.684325e-03 4.591986e-03 2.408548e-02 4.859157e-02 
48 4257 1.472028e+01 4.627985e-02 2.551321e-03 2.551321e-03 4.451416e-03 2.210020e-02 4.627985e-02 
49 4274 1.311571e+01 4.597900e-02 2.302989e-03 2.302989e-03 4.383876e-03 2.109401e-02 4.597900e-02 
50 4291 1.304645e+01 4.561672e-02 2.121826e-03 2.121826e-03 4.290483e-03 2.036627e-02 4.561672e-02 
51 4308 1.244087e+01 4.383113e-02 2.006154e-03 2.006154e-03 4.120118e-03 1.872279e-02 4.383113e-02 
52 4325 1.416369e+01 3.988010e-02 1.866376e-03 1.866376e-03 4.497147e-03 1.758541e-02 3.988010e-02 
53 4342 1.493723e+01 3.796900e-02 1.812939e-03 1.812939e-03 4.530723e-03 1.731565e-02 3.796900e-02 
54 4359 1.261879e+01 4.023179e-02 1.832099e-03 1.832099e-03 4.277982e-03 1.604123e-02 4.023179e-02 
55 4376 1.189854e+01 3.906057e-02 1.738291e-03 1.738291e-03 4.058422e-03 1.504530e-02 3.906057e-02 
56 4393 1.159226e+01 3.721915e-02 1.761827e-03 1.761827e-03 3.656975e-03 1.466799e-02 3.721915e-02 
57 4410 9.060679e+00 3.545409e-02 1.724719e-03 1.724719e-03 3.337606e-03 1.393676e-02 3.545409e-02 
58 4427 8.472440e+00 3.329090e-02 1.666678e-03 1.666678e-03 3.037951e-03 1.318456e-02 3.329090e-02 
59 4444 7.370931e+00 3.046813e-02 1.603713e-03 1.603713e-03 2.872920e-03 1.222011e-02 3.046813e-02 
60 4461 7.313799e+00 3.273883e-02 1.496769e-03 1.496769e-03 2.850968e-03 1.150356e-02 3.273883e-02 
61 4478 6.593923e+00 3.128773e-02 1.369206e-03 1.369206e-03 2.686452e-03 1.110186e-02 3.128773e-02 
62 4495 7.212679e+00 2.987415e-02 1.234730e-03 1.234730e-03 2.496061e-03 1.263902e-02 2.987415e-02 
63 4512 6.487818e+00 2.921732e-02 1.172385e-03 1.172385e-03 2.258117e-03 1.257226e-02 2.921732e-02 
64 4529 5.503064e+00 3.064888e-02 1.132189e-03 1.132189e-03 2.050962e-03 1.186489e-02 3.064888e-02 
65 4546 5.217689e+00 2.934054e-02 1.066514e-03 1.066514e-03 1.961983e-03 1.150132e-02 2.934054e-02 
66 4563 5.266666e+00 3.245566e-02 1.210741e-03 1.210741e-03 1.811761e-03 1.083261e-02 3.245566e-02 
67 4580 5.186479e+00 3.183421e-02 1.131935e-03 1.131935e-03 1.619656e-03 1.171499e-02 3.183421e-02 
68 4597 4.681525e+00 2.960025e-02 1.115581e-03 1.115581e-03 1.463076e-03 1.094914e-02 2.960025e-02 
69 4614 4.141834e+00 2.861040e-02 1.007846e-03 1.007846e-03 1.326058e-03 1.014325e-02 2.861040e-02 
70 4631 3.622724e+00 2.973488e-02 9.186036e-04 9.186036e-04 1.220968e-03 9.815322e-03 2.973488e-02 
71 4648 2.948866e+00 2.817233e-02 8.535520e-04 8.535520e-04 1.112129e-03 9.370580e-03 2.817233e-02 
72 4665 2.926452e+00 2.722052e-02 7.902633e-04 7.902633e-04 1.018636e-03 9.950894e-03 2.722052e-02 
73 4682 3.599566e+00 2.581522e-02 7.219069e-04 7.219069e-04 9.298309e-04 1.231518e-02 2.581522e-02 
74 4699 3.545486e+00 2.578491e-02 6.565888e-04 6.565888e-04 8.615548e-04 1.138482e-02 2.578491e-02 
75 4716 3.152027e+00 2.432323e-02 6.300101e-04 6.300101e-04 8.220405e-04 1.110811e-02 2.432323e-02 
76 4733 2.464221e+00 2.309238e-02 5.774593e-04 5.774593e-04 7.698450e-04 1.035517e-02 2.309238e-02 
77 4750 2.102521e+00 2.255784e-02 5.290509e-04 5.290509e-04 7.196281e-04 9.432740e-03 2.255784e-02 
78 4767 1.712785e+00 2.169168e-02 4.945921e-04 4.945921e-04 6.741093e-04 8.938483e-03 2.169168e-02 
79 4784 1.696718e+00 2.154502e-02 4.612499e-04 4.612499e-04 6.230269e-04 8.854446e-03 2.154502e-02 
80 4801 1.694049e+00 2.384398e-02 4.257276e-04 4.257276e-04 6.267796e-04 8.346602e-03 2.384398e-02 
81 4818 1.903723e+00 2.431466e-02 3.899340e-04 3.899340e-04 6.103137e-04 8.081518e-03 2.431466e-02 
82 4835 2.089162e+00 2.732868e-02 3.703290e-04 3.703290e-04 5.580570e-04 7.318706e-03 2.732868e-02 
83 4852 1.911387e+00 2.826668e-02 3.491161e-04 3.491161e-04 5.137207e-04 6.580770e-03 2.826668e-02 
84 4869 1.549112e+00 2.663868e-02 3.385842e-04 3.385842e-04 4.740366e-04 6.081619e-03 2.663868e-02 
85 4886 1.664962e+00 2.836351e-02 3.123083e-04 3.123083e-04 4.272204e-04 5.790798e-03 2.836351e-02 
86 4903 1.590549e+00 2.876911e-02 2.861564e-04 2.861564e-04 3.955482e-04 5.345256e-03 2.876911e-02 
87 4920 1.384611e+00 2.848222e-02 2.749442e-04 2.749442e-04 3.646193e-04 4.850754e-03 2.848222e-02 
88 4937 1.529560e+00 2.805500e-02 2.802219e-04 2.802219e-04 3.419125e-04 5.186935e-03 2.805500e-02 
89 4954 1.136116e+00 2.580836e-02 2.533393e-04 2.533393e-04 3.080421e-04 4.742401e-03 2.580836e-02 
90 4971 1.245639e+00 2.527547e-02 2.313038e-04 2.313038e-04 3.411285e-04 4.389998e-03 2.527547e-02 
91 4988 1.017191e+00 2.377394e-02 2.258948e-04 2.258948e-04 3.114898e-04 4.203958e-03 2.377394e-02 
92 5005 8.774613e-01 2.193757e-02 2.165774e-04 2.165774e-04 2.947226e-04 3.843005e-03 2.193757e-02 
93 5022 8.436787e-01 2.062823e-02 2.076546e-04 2.076546e-04 2.839487e-04 3.604170e-03 2.062823e-02 
94 5039 7.376388e-01 1.965749e-02 2.023839e-04 2.023839e-04 2.596535e-04 3.391311e-03 1.965749e-02 
95 5056 7.427234e-01 2.084951e-02 1.854125e-04 1.854125e-04 2.490838e-04 3.120625e-03 2.084951e-02 
96 5073 6.422191e-01 1.991404e-02 1.739281e-04 1.739281e-04 2.290748e-04 2.839638e-03 1.991404e-02 
97 5090 6.649561e-01 1.892624e-02 1.576521e-04 1.576521e-04 2.090041e-04 3.077140e-03 1.892624e-02 
98 5107 5.945809e-01 1.888306e-02 1.460114e-04 1.460114e-04 1.975783e-04 2.844754e-03 1.888306e-02 
99 5124 5.287635e-01 1.731752e-02 1.424582e-04 1.424582e-04 1.830971e-04 2.729158e-03 1.731752e-02 
100 5141 4.542187e-01 1.598624e-02 1.324576e-04 1.324576e-04 1.741060e-04 2.477476e-03 1.598624e-02 
101 5158 4.251928e-01 1.476900e-02 1.219393e-04 1.219393e-04 1.612494e-04 2.462610e-03 1.476900e-02 
102 5175 3.948560e-01 1.355566e-02 1.260457e-04 1.260457e-04 1.520152e-04 2.285738e-03 1.355566e-02 
103 5192 3.320288e-01 1.315331e-02 1.183945e-04 1.183945e-04 1.377593e-04 2.101781e-03 1.315331e-02 
104 5209 3.095155e-01 1.272986e-02 1.086393e-04 1.086393e-04 1.339834e-04 2.119582e-03 1.272986e-02 
105 5226 2.826481e-01 1.153416e-02 1.000858e-04 1.000858e-04 1.256401e-04 2.004396e-03 1.153416e-02 
106 5243 2.853761e-01 1.147203e-02 9.057902e-05 9.057902e-05 1.178221e-04 1.834309e-03 1.147203e-02 
107 5260 2.924621e-01 1.158108e-02 8.134968e-05 8.134968e-05 1.199008e-04 1.649680e-03 1.158108e-02 
108 5277 3.031707e-01 1.088127e-02 8.502998e-05 8.502998e-05 1.115540e-04 1.517189e-03 1.088127e-02 
109 5294 3.049987e-01 1.135970e-02 7.721812e-05 7.721812e-05 1.044023e-04 1.447534e-03 1.135970e-02 
110 5311 2.400790e-01 1.046945e-02 7.323850e-05 7.323850e-05 9.652295e-05 1.312037e-03 1.046945e-02 
111 5328 2.548939e-01 1.034599e-02 6.759971e-05 6.759971e-05 1.008821e-04 1.200532e-03 1.034599e-02 
112 5345 2.626876e-01 9.701846e-03 6.731092e-05 6.731092e-05 9.361110e-05 1.185741e-03 9.701846e-03 
113 5362 2.163553e-01 8.898630e-03 6.089253e-05 6.089253e-05 8.843376e-05 1.099286e-03 8.898630e-03 
114 5379 1.817176e-01 8.456576e-03 5.718819e-05 5.718819e-05 8.228645e-05 1.014347e-03 8.456576e-03 
115 5396 1.679323e-01 8.078066e-03 5.272683e-05 5.272683e-05 7.493857e-05 9.537160e-04 8.078066e-03 
116 5413 1.643528e-01 8.494065e-03 4.722195e-05 4.722195e-05 7.016162e-05 8.804282e-04 8.494065e-03 
117 5430 1.617214e-01 7.680796e-03 4.403280e-05 4.403280e-05 7.177884e-05 8.116855e-04 7.680796e-03 
118 5447 1.578406e-01 7.707388e-03 4.093673e-05 4.093673e-05 6.696633e-05 7.650373e-04 7.707388e-03 
119 5464 1.393431e-01 7.844347e-03 3.737186e-05 3.737186e-05 6.036488e-05 7.050246e-04 7.844347e-03 
120 5481 1.163530e-01 7.317557e-03 3.422722e-05 3.422722e-05 5.658694e-05 6.490397e-04 7.317557e-03 
121 5498 1.058283e-01 6.939370e-03 3.339370e-05 3.339370e-05 5.333309e-05 6.006703e-04 6.939370e-03 
122 5515 1.003253e-01 6.916213e-03 3.363836e-05 3.363836e-05 4.842998e-05 5.803543e-04 6.916213e-03 
123 5532 9.445260e-02 6.570415e-03 3.263970e-05 3.263970e-05 4.813018e-05 5.379551e-04 6.570415e-03 
124 5549 1.063197e-01 6.119330e-03 3.085610e-05 3.085610e-05 5.330561e-05 4.905759e-04 6.119330e-03 
125 5566 9.452875e-02 5.919170e-03 2.939963e-05 2.939963e-05 4.981977e-05 4.829136e-04 5.919170e-03 
126 5583 9.294356e-02 5.454103e-03 2.996011e-05 2.996011e-05 4.711111e-05 4.659943e-04 5.454103e-03 
127 5600 9.044235e-02 4.956036e-03 2.853725e-05 2.853725e-05 4.251223e-05 4.720984e-04 4.956036e-03 
128 5617 9.404181e-02 5.261323e-03 2.674150e-05 2.674150e-05 3.920652e-05 4.548033e-04 5.261323e-03 
129 5634 7.725046e-02 5.077123e-03 2.477513e-05 2.477513e-05 3.603638e-05 4.183222e-04 5.077123e-03 
130 5651 7.216428e-02 4.641096e-03 2.379637e-05 2.379637e-05 3.478071e-05 4.042731e-04 4.641096e-03 
131 5668 6.124673e-02 4.424289e-03 2.209902e-05 2.209902e-05 3.277929e-05 3.839707e-04 4.424289e-03 
132 5685 4.844392e-02 4.138951e-03 2.027204e-05 2.027204e-05 3.110211e-05 3.603129e-04 4.138951e-03 
133 5702 4.551084e-02 3.789307e-03 1.884471e-05 1.884471e-05 3.136908e-05 3.405485e-04 3.789307e-03 
134 5719 4.036057e-02 3.497487e-03 1.685284e-05 1.685284e-05 2.877031e-05 3.347473e-04 3.497487e-03 
135 5736 4.353811e-02 3.177400e-03 1.611370e-05 1.611370e-05 2.625093e-05 3.610043e-04 3.177400e-03 
136 5753 4.599976e-02 2.907885e-03 1.472954e-05 1.472954e-05 2.597734e-05 3.543187e-04 2.907885e-03 
137 5770 4.432513e-02 2.802871e-03 1.382794e-05 1.382794e-05 2.412401e-05 3.232403e-04 2.802871e-03 
138 5787 3.576542e-02 2.641588e-03 1.318638e-05 1.318638e-05 2.238400e-05 2.973804e-04 2.641588e-03 
139 5804 2.882730e-02 2.476714e-03 1.265620e-05 1.265620e-05 2.043085e-05 2.833698e-04 2.476714e-03 
140 5821 2.291704e-02 2.309146e-03 1.162322e-05 1.162322e-05 1.889645e-05 2.656423e-04 2.309146e-03 
141 5838 2.247938e-02 2.068300e-03 1.191541e-05 1.191541e-05 1.711322e-05 2.537375e-04 2.068300e-03 
142 5855 2.245575e-02 2.031454e-03 1.150463e-05 1.150463e-05 1.645755e-05 2.379585e-04 2.031454e-03 
143 5872 1.990948e-02 1.982707e-03 1.084674e-05 1.084674e-05 1.613432e-05 2.340119e-04 1.982707e-03 
144 5889 1.811261e-02 1.807983e-03 1.059567e-05 1.059567e-05 1.463629e-05 2.347932e-04 1.807983e-03 
145 5906 1.775567e-02 1.649008e-03 1.058380e-05 1.058380e-05 1.348350e-05 2.202533e-04 1.649008e-03 
146 5923 1.570593e-02 1.560807e-03 1.019111e-05 1.019111e-05 1.263470e-05 2.122223e-04 1.560807e-03 
147 5940 1.387753e-02 1.456160e-03 9.786185e-06 9.786185e-06 1.213090e-05 1.975620e-04 1.456160e-03 
148 5957 1.168217e-02 1.339666e-03 9.402758e-06 9.402758e-06 1.111107e-05 1.838728e-04 1.339666e-03 
149 5974 1.112683e-02 1.222750e-03 9.059245e-06 9.059245e-06 1.098240e-05 1.672626e-04 1.222750e-03 
150 5991 9.564177e-03 1.107524e-03 8.749818e-06 8.749818e-06 1.007255e-05 1.588234e-04 1.107524e-03 
151 6008 8.894781e-03 1.059320e-03 8.226533e-06 8.226533e-06 9.671900e-06 1.474744e-04 1.059320e-03 
152 6025 8.681294e-03 9.719866e-04 7.663342e-06 7.663342e-06 9.235515e-06 1.466601e-04 9.719866e-04 
153 6042 7.853876e-03 9.016416e-04 7.299138e-06 7.299138e-06 8.287042e-06 1.412990e-04 9.016416e-04 
154 6059 6.626867e-03 8.617534e-04 6.798812e-06 6.798812e-06 7.678946e-06 1.318191e-04 8.617534e-04 
155 6076 7.382002e-03 9.591218e-04 6.763384e-06 6.763384e-06 7.833783e-06 1.224881e-04 9.591218e-04 
156 6093 6.426935e-03 9.326849e-04 6.380579e-06 6.380579e-06 7.116978e-06 1.139706e-04 9.326849e-04 
157 6110 5.974894e-03 8.580482e-04 5.818349e-06 5.818349e-06 6.756872e-06 1.061701e-04 8.580482e-04 
158 6127 5.175484e-03 7.965812e-04 5.456202e-06 5.456202e-06 6.278893e-06 9.609670e-05 7.965812e-04 
159 6144 4.510434e-03 7.370632e-04 5.069027e-06 5.069027e-06 5.934405e-06 8.779966e-05 7.370632e-04 
160 6161 3.918422e-03 7.219378e-04 4.793591e-06 4.793591e-06 5.394775e-06 8.860951e-05 7.219378e-04 
161 6178 3.119452e-03 6.766202e-04 4.379395e-06 4.379395e-06 5.006793e-06 8.238508e-05 6.766202e-04 
162 6195 2.921776e-03 6.351697e-04 4.223437e-06 4.223437e-06 4.629943e-06 8.229346e-05 6.351697e-04 
163 6212 2.552449e-03 5.854794e-04 4.138702e-06 4.138702e-06 4.489392e-06 7.801297e-05 5.854794e-04 
164 6229 2.123996e-03 5.908249e-04 3.756863e-06 3.756863e-06 4.212964e-06 7.043186e-05 5.908249e-04 
165 6246 1.901784e-03 5.498801e-04 3.490655e-06 3.490655e-06 4.029581e-06 6.649078e-05 5.498801e-04 
166 6263 1.923053e-03 5.797275e-04 3.219133e-06 3.219133e-06 3.897735e-06 6.218321e-05 5.797275e-04 
167 6280 1.469576e-03 5.490908e-04 3.002671e-06 3.002671e-06 3.519026e-06 5.644699e-05 5.490908e-04 
168 6297 1.313789e-03 5.126699e-04 2.734612e-06 2.734612e-06 3.495276e-06 5.171152e-05 5.126699e-04 
169 6314 1.448026e-03 4.951181e-04 2.500933e-06 2.500933e-06 3.565520e-06 5.210505e-05 4.951181e-04 
170 6331 1.311263e-03 4.629734e-04 2.309185e-06 2.309185e-06 3.238182e-06 5.157319e-05 4.629734e-04 
171 6348 1.254700e-03 4.323070e-04 2.317535e-06 2.317535e-06 2.947235e-06 5.002171e-05 4.323070e-04 
172 6365 1.330645e-03 4.026022e-04 2.247770e-06 2.247770e-06 2.695164e-06 5.124597e-05 4.026022e-04 
173 6382 1.144055e-03 3.786906e-04 2.111682e-06 2.111682e-06 2.505832e-06 4.850310e-05 3.786906e-04 
174 6399 9.956023e-04 3.705970e-04 1.912385e-06 1.912385e-06 2.457877e-06 4.429688e-05 3.705970e-04 
175 6416 1.022327e-03 3.602697e-04 1.881877e-06 1.881877e-06 2.217355e-06 4.332265e-05 3.602697e-04 
176 6433 7.808239e-04 3.449762e-04 1.720453e-06 1.720453e-06 2.029344e-06 3.932755e-05 3.449762e-04 
177 6450 7.509620e-04 3.202591e-04 1.609079e-06 1.609079e-06 2.118289e-06 3.605640e-05 3.202591e-04 
178 6467 8.333819e-04 3.123517e-04 1.464389e-06 1.464389e-06 2.189221e-06 3.346278e-05 3.123517e-04 
179 6484 7.594970e-04 2.886731e-04 1.468042e-06 1.468042e-06 2.217484e-06 3.055820e-05 2.886731e-04 
180 6501 7.289076e-04 2.752887e-04 1.358463e-06 1.358463e-06 2.098957e-06 2.925973e-05 2.752887e-04 
181 6518 7.145821e-04 2.853831e-04 1.254959e-06 1.254959e-06 2.069846e-06 2.773127e-05 2.853831e-04 
182 6535 6.605438e-04 2.656796e-04 1.163969e-06 1.163969e-06 1.993111e-06 2.604467e-05 2.656796e-04 
183 6552 5.686799e-04 2.472578e-04 1.107179e-06 1.107179e-06 1.830940e-06 2.372277e-05 2.472578e-04 
184 6569 5.806394e-04 2.320345e-04 1.023997e-06 1.023997e-06 1.898031e-06 2.273051e-05 2.320345e-04 
185 6586 5.111726e-04 2.216031e-04 9.313435e-07 9.313435e-07 1.827770e-06 2.069056e-05 2.216031e-04 
186 6603 4.708380e-04 2.275075e-04 8.810639e-07 8.810639e-07 1.698479e-06 1.900267e-05 2.275075e-04 
187 6620 5.077374e-04 2.288457e-04 8.377813e-07 8.377813e-07 1.659330e-06 1.833421e-05 2.288457e-04 
188 6637 4.900220e-04 2.227352e-04 7.920797e-07 7.920797e-07 1.488705e-06 1.705878e-05 2.227352e-04 
189 6654 4.254421e-04 2.080903e-04 7.238211e-07 7.238211e-07 1.405237e-06 1.566850e-05 2.080903e-04 
190 6671 3.696990e-04 1.906307e-04 6.954394e-07 6.954394e-07 1.284137e-06 1.477058e-05 1.906307e-04 
191 6688 3.126393e-04 1.790092e-04 6.692032e-07 6.692032e-07 1.163755e-06 1.371104e-05 1.790092e-04 
192 6705 2.560155e-04 1.650691e-04 6.477334e-07 6.477334e-07 1.082895e-06 1.271557e-05 1.650691e-04 
193 6722 2.974942e-04 1.548543e-04 6.865874e-07 6.865874e-07 1.098046e-06 1.194917e-05 1.548543e-04 
194 6739 2.857949e-04 1.423846e-04 6.518258e-07 6.518258e-07 1.089308e-06 1.109627e-05 1.423846e-04 
195 6756 2.339972e-04 1.291575e-04 6.013419e-07 6.013419e-07 9.907780e-07 1.004794e-05 1.291575e-04 
196 6773 2.448238e-04 1.191673e-04 5.463652e-07 5.463652e-07 1.067556e-06 9.584438e-06 1.191673e-04 
197 6790 2.450340e-04 1.310563e-04 4.990841e-07 4.990841e-07 1.002843e-06 8.857728e-06 1.310563e-04 
198 6807 2.025579e-04 1.208880e-04 4.638224e-07 4.638224e-07 9.165189e-07 9.177232e-06 1.208880e-04 
199 6824 2.365756e-04 1.132942e-04 4.350388e-07 4.350388e-07 8.551847e-07 1.072782e-05 1.132942e-04 
200 6841 2.381886e-04 1.042226e-04 4.216852e-07 4.216852e-07 8.187221e-07 1.062103e-05 1.042226e-04 
201 6858 2.075433e-04 9.405181e-05 4.052659e-07 4.052659e-07 7.736324e-07 1.034682e-05 9.405181e-05 
202 6875 1.795524e-04 8.887382e-05 3.726992e-07 3.726992e-07 7.583633e-07 9.554802e-06 8.887382e-05 
203 6892 1.905694e-04 9.160687e-05 3.682988e-07 3.682988e-07 7.224323e-07 8.597581e-06 9.160687e-05 
204 6909 1.543279e-04 8.576021e-05 3.522734e-07 3.522734e-07 6.566083e-07 8.051867e-06 8.576021e-05 
205 6926 1.295180e-04 7.836398e-05 3.319475e-07 3.319475e-07 6.062525e-07 7.456804e-06 7.836398e-05 
206 6943 1.259157e-04 7.597644e-05 3.226043e-07 3.226043e-07 6.096955e-07 6.972349e-06 7.597644e-05 
207 6960 1.264819e-04 6.822053e-05 3.192113e-07 3.192113e-07 5.637693e-07 6.501124e-06 6.822053e-05 
208 6977 1.148210e-04 6.540240e-05 2.938334e-07 2.938334e-07 5.308075e-07 6.005008e-06 6.540240e-05 
209 6994 8.939564e-05 6.100564e-05 2.737350e-07 2.737350e-07 4.791311e-07 5.580240e-06 6.100564e-05 
210 7011 8.395161e-05 6.414128e-05 2.569989e-07 2.569989e-07 4.589345e-07 5.270332e-06 6.414128e-05 
211 7028 9.154009e-05 6.834578e-05 2.432361e-07 2.432361e-07 4.210693e-07 5.369404e-06 6.834578e-05 
212 7045 9.723626e-05 7.169799e-05 2.240040e-07 2.240040e-07 3.938663e-07 5.139879e-06 7.169799e-05 
213 7062 1.332573e-04 7.833489e-05 2.110095e-07 2.110095e-07 3.685943e-07 5.184318e-06 7.833489e-05 
214 7079 1.179017e-04 7.252821e-05 1.955807e-07 1.955807e-07 3.381389e-07 4.768942e-06 7.252821e-05 
215 7096 1.078292e-04 6.669417e-05 1.825023e-07 1.825023e-07 3.227766e-07 4.440449e-06 6.669417e-05 
216 7113 8.850349e-05 6.214265e-05 1.710687e-07 1.710687e-07 2.983700e-07 4.162452e-06 6.214265e-05 
217 7130 8.666865e-05 6.319435e-05 1.631270e-07 1.631270e-07 2.799599e-07 3.855026e-06 6.319435e-05 
218 7147 7.888205e-05 5.827163e-05 1.498291e-07 1.498291e-07 2.697932e-07 3.668430e-06 5.827163e-05 
219 7164 7.108272e-05 5.474045e-05 1.373587e-07 1.373587e-07 2.469792e-07 3.467890e-06 5.474045e-05 
220 7181 5.999266e-05 5.023811e-05 1.260801e-07 1.260801e-07 2.320804e-07 3.189137e-06 5.023811e-05 
221 7198 5.320747e-05 5.009997e-05 1.153832e-07 1.153832e-07 2.188311e-07 3.065206e-06 5.009997e-05 
222 7215 4.171538e-05 4.602143e-05 1.070306e-07 1.070306e-07 2.036723e-07 2.815449e-06 4.602143e-05 
223 7232 3.791223e-05 4.222258e-05 9.949301e-08 9.949301e-08 1.957239e-07 2.814895e-06 4.222258e-05 
1 7268 1.369875e+02 8.203779e-01 9.153267e-03 9.153267e-03 2.047054e-02 3.678281e-01 8.203779e-01 
2 7302 1.559577e+02 6.806269e-01 9.282952e-03 9.282952e-03 2.119832e-02 3.090770e-01 6.806269e-01 
3 7336 1.507852e+02 5.492100e-01 9.465075e-03 9.465075e-03 2.119830e-02 2.637569e-01 5.492100e-01 
4 7370 1.643891e+02 4.553918e-01 1.023272e-02 1.023272e-02 1.941461e-02 2.277290e-01 4.553918e-01 
5 7404 2.081390e+02 3.762082e-01 1.154673e-02 1.154673e-02 1.838159e-02 1.909685e-01 3.762082e-01 
6 7438 1.781989e+02 3.120439e-01 1.354024e-02 1.354024e-02 1.725153e-02 1.656598e-01 3.120439e-01 
7 7472 1.767555e+02 2.606023e-01 1.375464e-02 1.375464e-02 1.672599e-02 1.480982e-01 2.606023e-01 
8 7506 1.599897e+02 2.176574e-01 1.273195e-02 1.273195e-02 1.822461e-02 1.334130e-01 2.176574e-01 
9 7540 1.338448e+02 1.844238e-01 1.103005e-02 1.103005e-02 1.524893e-02 1.129107e-01 1.844238e-01 
10 7574 1.080791e+02 1.553399e-01 1.022730e-02 1.022730e-02 1.369477e-02 1.000306e-01 1.553399e-01 
11 7608 9.267992e+01 1.396070e-01 8.838670e-03 8.838670e-03 1.292780e-02 8.509717e-02 1.396070e-01 
12 7642 1.072401e+02 1.322687e-01 7.882393e-03 7.882393e-03 1.203758e-02 8.162423e-02 1.322687e-01 
13 7676 1.108506e+02 1.217997e-01 6.495029e-03 6.495029e-03 1.167658e-02 7.530217e-02 1.217997e-01 
14 7710 1.050015e+02 1.020807e-01 5.893322e-03 5.893322e-03 1.068667e-02 6.195850e-02 1.020807e-01 
15 7744 1.045431e+02 9.103347e-02 5.276481e-03 5.276481e-03 1.077648e-02 5.784327e-02 9.103347e-02 
16 7778 1.149029e+02 8.436639e-02 5.310828e-03 5.310828e-03 9.305398e-03 4.881925e-02 8.436639e-02 
17 7812 9.519786e+01 7.048646e-02 4.817282e-03 4.817282e-03 8.090738e-03 4.159460e-02 7.048646e-02 
18 7846 9.074425e+01 6.081387e-02 4.318342e-03 4.318342e-03 7.725260e-03 3.578514e-02 6.081387e-02 
19 7880 8.046302e+01 5.127056e-02 3.643899e-03 3.643899e-03 6.446863e-03 3.058456e-02 5.127056e-02 
20 7914 6.014948e+01 4.602431e-02 3.017261e-03 3.017261e-03 5.473864e-03 2.586190e-02 4.602431e-02 
21 7948 6.243278e+01 4.660200e-02 2.589602e-03 2.589602e-03 4.521147e-03 2.269145e-02 4.660200e-02 
22 7982 5.764928e+01 4.117330e-02 2.501996e-03 2.501996e-03 3.889115e-03 1.927531e-02 4.117330e-02 
23 8016 5.973633e+01 4.138843e-02 2.442814e-03 2.442814e-03 3.441522e-03 1.794381e-02 4.138843e-02 
24 8050 5.580550e+01 3.629093e-02 2.472766e-03 2.472766e-03 2.814760e-03 1.534948e-02 3.629093e-02 
25 8084 5.275249e+01 3.606004e-02 2.410016e-03 2.410016e-03 2.448495e-03 1.331545e-02 3.606004e-02 
26 8118 4.769343e+01 3.299069e-02 2.042398e-03 2.042398e-03 2.354188e-03 1.184712e-02 3.299069e-02 
27 8152 4.457643e+01 3.077882e-02 1.768325e-03 1.768325e-03 2.285751e-03 1.068920e-02 3.077882e-02 
28 8186 4.222796e+01 2.927956e-02 1.492342e-03 1.492342e-03 2.085350e-03 9.106249e-03 2.927956e-02 
29 8220 4.789961e+01 3.305423e-02 1.325100e-03 1.325100e-03 1.977636e-03 8.179579e-03 3.305423e-02 
30 8254 4.585236e+01 2.882001e-02 1.070797e-03 1.070797e-03 1.657225e-03 7.964977e-03 2.882001e-02 
31 8288 5.169175e+01 3.103872e-02 9.212894e-04 9.212894e-04 1.429121e-03 6.962604e-03 3.103872e-02 
32 8322 4.848278e+01 2.890500e-02 8.340411e-04 8.340411e-04 1.261673e-03 6.011786e-03 2.890500e-02 
33 8356 4.322821e+01 2.504209e-02 6.742847e-04 6.742847e-04 1.138583e-03 5.705447e-03 2.504209e-02 
34 8390 4.312658e+01 2.072788e-02 5.642387e-04 5.642387e-04 1.168365e-03 5.014756e-03 2.072788e-02 
35 8424 4.303997e+01 1.818744e-02 4.825385e-04 4.825385e-04 1.068014e-03 4.636024e-03 1.818744e-02 
36 8458 3.931234e+01 1.611466e-02 4.356062e-04 4.356062e-04 9.641569e-04 4.455659e-03 1.611466e-02 
37 8492 3.297173e+01 1.476818e-02 4.036360e-04 4.036360e-04 8.602041e-04 3.906129e-03 1.476818e-02 
38 8526 3.133256e+01 1.482308e-02 3.459924e-04 3.459924e-04 7.459476e-04 3.479817e-03 1.482308e-02 
39 8560 3.547636e+01 1.487657e-02 3.045643e-04 3.045643e-04 6.969358e-04 3.802492e-03 1.487657e-02 
40 8594 3.347237e+01 1.306789e-02 2.550848e-04 2.550848e-04 5.731267e-04 3.444479e-03 1.306789e-02 
41 8628 3.011277e+01 1.147272e-02 2.276590e-04 2.276590e-04 5.151275e-04 2.988979e-03 1.147272e-02 
42 8662 3.300355e+01 1.071234e-02 1.961599e-04 1.961599e-04 4.254043e-04 3.431539e-03 1.071234e-02 
43 8696 3.094504e+01 1.097237e-02 1.777865e-04 1.777865e-04 3.769477e-04 2.957535e-03 1.097237e-02 
44 8730 3.272354e+01 9.921364e-03 1.668730e-04 1.668730e-04 3.092237e-04 2.676984e-03 9.921364e-03 
45 8764 2.769169e+01 9.155474e-03 1.579903e-04 1.579903e-04 2.544192e-04 2.327407e-03 9.155474e-03 
46 8798 2.241879e+01 8.998299e-03 1.343435e-04 1.343435e-04 2.228445e-04 2.023121e-03 8.998299e-03 
47 8832 2.178273e+01 8.126603e-03 1.225557e-04 1.225557e-04 2.171755e-04 1.818252e-03 8.126603e-03 
48 8866 2.064272e+01 7.397340e-03 1.066410e-04 1.066410e-04 1.848607e-04 1.708948e-03 7.397340e-03 
49 8900 2.642222e+01 7.611921e-03 9.517935e-05 9.517935e-05 1.560384e-04 1.618259e-03 7.611921e-03 
50 8934 2.573174e+01 6.800084e-03 8.954063e-05 8.954063e-05 1.367993e-04 1.423307e-03 6.800084e-03 
51 8968 2.449542e+01 6.406341e-03 7.623580e-05 7.623580e-05 1.258498e-04 1.321761e-03 6.406341e-03 
52 9002 2.360992e+01 5.725333e-03 7.137974e-05 7.137974e-05 1.091658e-04 1.135662e-03 5.725333e-03 
53 9036 2.368637e+01 5.242276e-03 6.095621e-05 6.095621e-05 9.565707e-05 1.093776e-03 5.242276e-03 
54 9070 2.610272e+01 5.581972e-03 6.059543e-05 6.059543e-05 8.480167e-05 1.015433e-03 5.581972e-03 
55 9104 2.428592e+01 5.283365e-03 5.111363e-05 5.111363e-05 7.013569e-05 9.209889e-04 5.283365e-03 
56 9138 2.315309e+01 4.574806e-03 4.938805e-05 4.938805e-05 6.342433e-05 8.103096e-04 4.574806e-03 
57 9172 1.891908e+01 4.284262e-03 4.146350e-05 4.146350e-05 5.422150e-05 7.144271e-04 4.284262e-03 
58 9206 1.897185e+01 3.646769e-03 3.995799e-05 3.995799e-05 5.062484e-05 6.775991e-04 3.646769e-03 
59 9240 1.880434e+01 3.118836e-03 3.539990e-05 3.539990e-05 4.389715e-05 6.338010e-04 3.118836e-03 
60 9274 1.504297e+01 2.647712e-03 3.327048e-05 3.327048e-05 3.920546e-05 5.508578e-04 2.647712e-03 
61 9308 1.549619e+01 2.363876e-03 2.991916e-05 2.991916e-05 3.654988e-05 5.152641e-04 2.363876e-03 
62 9342 1.581229e+01 2.284488e-03 2.561147e-05 2.561147e-05 3.192785e-05 4.444549e-04 2.284488e-03 
63 9376 1.344054e+01 2.122111e-03 2.304230e-05 2.304230e-05 2.766906e-05 3.991501e-04 2.122111e-03 
64 9410 1.235078e+01 1.908231e-03 2.138593e-05 2.138593e-05 2.508333e-05 3.489558e-04 1.908231e-03 
65 9444 1.493771e+01 1.577395e-03 2.092789e-05 2.092789e-05 2.194981e-05 3.915130e-04 1.577395e-03 
66 9478 1.447358e+01 1.729791e-03 1.821619e-05 1.821619e-05 1.972130e-05 3.392013e-04 1.729791e-03 
67 9512 1.182539e+01 1.524602e-03 1.578640e-05 1.578640e-05 1.728096e-05 2.869526e-04 1.524602e-03 
68 9546 1.157175e+01 1.468066e-03 1.303930e-05 1.303930e-05 1.534394e-05 2.872401e-04 1.468066e-03 
69 9580 1.260734e+01 1.344683e-03 1.117472e-05 1.117472e-05 1.554102e-05 2.614392e-04 1.344683e-03 
70 9614 1.120734e+01 1.228641e-03 9.693117e-06 9.693117e-06 1.329463e-05 2.295819e-04 1.228641e-03 
71 9648 1.064844e+01 1.225455e-03 8.687049e-06 8.687049e-06 1.201710e-05 1.934786e-04 1.225455e-03 
72 9682 1.018195e+01 1.036488e-03 8.062382e-06 8.062382e-06 1.144788e-05 1.698632e-04 1.036488e-03 
73 9716 9.983225e+00 9.337815e-04 7.940759e-06 7.940759e-06 9.794513e-06 1.497484e-04 9.337815e-04 
74 9750 8.988024e+00 8.257120e-04 7.505813e-06 7.505813e-06 8.907880e-06 1.256741e-04 8.257120e-04 
75 9784 9.347027e+00 7.531839e-04 7.212625e-06 7.212625e-06 8.424205e-06 1.048940e-04 7.531839e-04 
76 9818 9.753399e+00 7.000036e-04 6.516287e-06 6.516287e-06 7.506078e-06 9.283392e-05 7.000036e-04 
77 9852 7.642133e+00 6.808828e-04 6.157885e-06 6.157885e-06 6.526733e-06 7.703422e-05 6.808828e-04 
78 9886 7.601046e+00 6.687243e-04 5.453864e-06 5.453864e-06 6.581445e-06 6.796108e-05 6.687243e-04 
79 9920 7.839906e+00 5.878866e-04 4.605943e-06 4.605943e-06 6.636165e-06 5.944474e-05 5.878866e-04 
80 9954 6.530204e+00 6.250502e-04 3.950001e-06 3.950001e-06 5.980966e-06 5.164433e-05 6.250502e-04 
81 9988 5.743948e+00 5.302377e-04 3.333296e-06 3.333296e-06 5.038064e-06 4.822613e-05 5.302377e-04 
82 10022 6.714313e+00 5.902348e-04 2.938232e-06 2.938232e-06 4.639221e-06 4.267428e-05 5.902348e-04 
83 10056 6.158336e+00 5.544025e-04 2.590639e-06 2.590639e-06 3.873475e-06 3.963894e-05 5.544025e-04 
84 10090 5.167350e+00 4.882481e-04 2.411924e-06 2.411924e-06 3.355186e-06 3.547632e-05 4.882481e-04 
85 10124 4.581066e+00 4.250544e-04 2.040601e-06 2.040601e-06 2.913094e-06 3.154357e-05 4.250544e-04 
86 10158 4.363515e+00 3.722535e-04 1.918845e-06 1.918845e-06 2.487679e-06 2.942478e-05 3.722535e-04 
87 10192 4.203744e+00 3.445886e-04 1.629774e-06 1.629774e-06 2.146182e-06 2.839663e-05 3.445886e-04 
88 10226 3.586047e+00 3.044411e-04 1.424278e-06 1.424278e-06 1.937619e-06 2.456149e-05 3.044411e-04 
89 10260 3.220799e+00 2.702697e-04 1.213671e-06 1.213671e-06 1.687984e-06 2.265849e-05 2.702697e-04 
90 10294 2.863850e+00 2.400599e-04 1.053058e-06 1.053058e-06 1.442454e-06 1.919352e-05 2.400599e-04 
91 10328 3.099846e+00 2.069946e-04 9.398689e-07 9.398689e-07 1.489915e-06 1.825866e-05 2.069946e-04 
92 10362 2.809240e+00 1.883251e-04 8.725628e-07 8.725628e-07 1.325127e-06 1.603213e-05 1.883251e-04 
93 10396 2.876370e+00 1.823032e-04 7.634349e-07 7.634349e-07 1.163190e-06 1.628167e-05 1.823032e-04 
94 10430 2.612233e+00 1.669394e-04 6.748312e-07 6.748312e-07 9.893398e-07 1.423718e-05 1.669394e-04 
95 10464 2.383138e+00 1.556457e-04 6.012546e-07 6.012546e-07 8.623211e-07 1.305029e-05 1.556457e-04 
96 10498 2.390549e+00 1.407182e-04 5.067824e-07 5.067824e-07 7.432612e-07 1.225551e-05 1.407182e-04 
97 10532 2.371509e+00 1.239883e-04 4.622914e-07 4.622914e-07 6.785040e-07 1.195242e-05 1.239883e-04 
98 10566 2.014774e+00 1.139876e-04 4.082542e-07 4.082542e-07 5.663872e-07 9.990087e-06 1.139876e-04 
99 10600 1.950176e+00 9.805739e-05 3.498344e-07 3.498344e-07 5.096959e-07 9.016440e-06 9.805739e-05 
100 10634 1.632234e+00 8.699046e-05 3.052832e-07 3.052832e-07 4.366825e-07 7.546440e-06 8.699046e-05 
101 10668 1.455812e+00 7.692804e-05 2.786158e-07 2.786158e-07 4.180182e-07 6.910733e-06 7.692804e-05 
102 10702 1.519894e+00 6.980565e-05 2.506694e-07 2.506694e-07 3.849462e-07 6.516062e-06 6.980565e-05 
103 10736 1.751628e+00 6.276054e-05 2.396784e-07 2.396784e-07 3.339595e-07 6.694744e-06 6.276054e-05 
104 10770 1.572797e+00 5.835518e-05 2.219419e-07 2.219419e-07 2.824140e-07 5.808611e-06 5.835518e-05 
105 10804 1.501702e+00 5.575118e-05 1.860625e-07 1.860625e-07 2.522207e-07 5.151751e-06 5.575118e-05 
106 10838 1.446555e+00 4.941116e-05 1.707060e-07 1.707060e-07 2.556443e-07 4.388568e-06 4.941116e-05 
107 10872 1.472261e+00 4.421154e-05 1.620685e-07 1.620685e-07 2.168148e-07 3.830075e-06 4.421154e-05 
108 10906 1.363847e+00 3.807363e-05 1.432051e-07 1.432051e-07 1.871473e-07 3.383297e-06 3.807363e-05 
109 10940 1.277157e+00 3.438008e-05 1.255715e-07 1.255715e-07 1.693856e-07 2.857837e-06 3.438008e-05 
110 10974 1.271949e+00 3.086764e-05 1.167914e-07 1.167914e-07 1.601794e-07 2.387642e-06 3.086764e-05 
111 11008 1.331666e+00 2.822234e-05 1.301817e-07 1.301817e-07 1.368248e-07 1.981719e-06 2.822234e-05 
112 11042 1.182594e+00 2.528808e-05 1.122310e-07 1.122310e-07 1.159317e-07 1.753373e-06 2.528808e-05 
113 11076 1.082529e+00 2.202617e-05 1.023109e-07 1.023109e-07 1.122572e-07 1.515117e-06 2.202617e-05 
114 11110 1.171071e+00 1.853709e-05 9.539576e-08 9.539576e-08 1.259173e-07 1.269156e-06 1.853709e-05 
115 11144 1.181948e+00 1.720899e-05 8.400709e-08 8.400709e-08 1.183364e-07 1.079099e-06 1.720899e-05 
116 11178 1.065553e+00 1.526589e-05 7.578000e-08 7.578000e-08 1.021380e-07 9.534303e-07 1.526589e-05 
117 11212 8.810393e-01 1.409777e-05 6.757659e-08 6.757659e-08 8.883852e-08 7.980264e-07 1.409777e-05 
118 11246 1.043574e+00 1.451058e-05 6.028642e-08 6.028642e-08 8.439257e-08 6.857147e-07 1.451058e-05 
119 11280 9.088426e-01 1.249435e-05 4.976871e-08 4.976871e-08 7.333367e-08 5.961110e-07 1.249435e-05 
120 11314 7.961976e-01 1.060109e-05 4.372905e-08 4.372905e-08 6.391164e-08 5.438145e-07 1.060109e-05 
121 11348 7.242197e-01 8.869916e-06 4.012043e-08 4.012043e-08 5.443618e-08 4.859769e-07 8.869916e-06 
122 11382 6.600990e-01 7.387185e-06 3.519713e-08 3.519713e-08 4.637210e-08 4.429117e-07 7.387185e-06 
123 11416 6.655467e-01 6.868046e-06 3.139452e-08 3.139452e-08 3.972254e-08 3.959918e-07 6.868046e-06 
124 11450 6.479262e-01 5.832153e-06 2.896820e-08 2.896820e-08 3.549678e-08 3.709773e-07 5.832153e-06 
125 11484 6.878407e-01 5.877930e-06 2.517970e-08 2.517970e-08 3.216092e-08 3.899529e-07 5.877930e-06 
126 11518 5.446437e-01 4.913180e-06 2.078024e-08 2.078024e-08 2.793860e-08 3.745889e-07 4.913180e-06 
127 11552 6.540153e-01 4.527059e-06 1.934472e-08 1.934472e-08 2.879618e-08 3.628496e-07 4.527059e-06 
128 11586 6.523001e-01 4.079533e-06 1.642361e-08 1.642361e-08 2.633454e-08 3.338503e-07 4.079533e-06 
129 11620 6.251819e-01 3.755305e-06 1.416814e-08 1.416814e-08 2.189072e-08 3.085122e-07 3.755305e-06 
130 11654 5.392634e-01 3.511297e-06 1.181558e-08 1.181558e-08 1.830035e-08 2.623704e-07 3.511297e-06 
131 11688 5.695416e-01 3.734931e-06 1.083721e-08 1.083721e-08 1.626303e-08 2.243831e-07 3.734931e-06 
132 11722 5.683501e-01 3.491462e-06 1.045603e-08 1.045603e-08 1.372484e-08 2.060154e-07 3.491462e-06 
133 11756 4.957519e-01 2.933429e-06 9.362577e-09 9.362577e-09 1.161148e-08 1.697475e-07 2.933429e-06 
134 11790 4.483418e-01 2.688557e-06 8.403058e-09 8.403058e-09 1.000831e-08 1.531078e-07 2.688557e-06 
135 11824 4.795486e-01 2.468509e-06 7.316397e-09 7.316397e-09 8.928577e-09 1.365133e-07 2.468509e-06 
136 11858 4.498691e-01 2.072115e-06 6.779597e-09 6.779597e-09 7.611933e-09 1.240834e-07 2.072115e-06 
137 11892 3.984779e-01 1.870765e-06 6.286121e-09 6.286121e-09 6.954563e-09 1.026590e-07 1.870765e-06 
138 11926 4.630372e-01 1.663344e-06 5.846089e-09 5.846089e-09 7.520791e-09 8.717348e-08 1.663344e-06 
139 11960 4.621580e-01 1.505050e-06 5.345990e-09 5.345990e-09 6.797262e-09 7.913452e-08 1.505050e-06 
140 11994 4.197382e-01 1.291215e-06 5.157434e-09 5.157434e-09 5.905795e-09 6.800668e-08 1.291215e-06 
141 12028 3.504751e-01 1.131315e-06 4.951846e-09 4.951846e-09 5.285616e-09 5.761554e-08 1.131315e-06 
142 12062 3.529130e-01 9.840661e-07 4.104728e-09 4.104728e-09 5.426502e-09 5.008456e-08 9.840661e-07 
143 12096 3.837766e-01 8.568779e-07 3.807245e-09 3.807245e-09 4.566816e-09 5.446752e-08 8.568779e-07 
144 12130 4.281052e-01 8.307522e-07 3.405968e-09 3.405968e-09 4.109610e-09 4.879507e-08 8.307522e-07 
145 12164 4.001507e-01 7.814992e-07 3.279738e-09 3.279738e-09 3.531333e-09 4.223159e-08 7.814992e-07 
146 12198 3.431981e-01 6.837155e-07 2.928550e-09 2.928550e-09 2.987978e-09 3.753521e-08 6.837155e-07 
147 12232 3.733054e-01 6.274507e-07 2.548726e-09 2.548726e-09 3.083945e-09 3.263335e-08 6.274507e-07 
148 12266 3.127735e-01 5.455569e-07 2.161478e-09 2.161478e-09 2.762150e-09 2.969065e-08 5.455569e-07 
149 12300 3.647775e-01 4.652235e-07 2.328212e-09 2.328212e-09 2.606226e-09 2.914135e-08 4.652235e-07 
150 12334 3.119824e-01 4.335386e-07 1.989825e-09 1.989825e-09 2.407807e-09 2.552904e-08 4.335386e-07 
151 12368 3.274324e-01 3.828029e-07 1.765867e-09 1.765867e-09 2.072090e-09 2.635181e-08 3.828029e-07 
152 12402 2.881268e-01 3.262097e-07 1.578564e-09 1.578564e-09 1.819212e-09 2.348475e-08 3.262097e-07 
153 12436 2.575372e-01 2.856216e-07 1.408918e-09 1.408918e-09 1.671689e-09 2.064786e-08 2.856216e-07 
154 12470 2.319700e-01 2.392225e-07 1.209379e-09 1.209379e-09 1.436298e-09 1.871979e-08 2.392225e-07 
155 12504 2.162718e-01 2.078393e-07 1.033108e-09 1.033108e-09 1.315923e-09 1.674709e-08 2.078393e-07 
156 12538 2.093547e-01 1.847796e-07 9.263742e-10 9.263742e-10 1.216169e-09 1.589665e-08 1.847796e-07 
157 12572 2.113462e-01 1.733427e-07 8.459889e-10 8.459889e-10 1.196870e-09 1.433377e-08 1.733427e-07 
158 12606 1.867698e-01 1.613899e-07 7.462968e-10 7.462968e-10 1.029052e-09 1.251106e-08 1.613899e-07 
159 12640 1.867036e-01 1.549240e-07 6.323288e-10 6.323288e-10 9.308067e-10 1.130119e-08 1.549240e-07 
160 12674 1.556712e-01 1.385665e-07 5.914232e-10 5.914232e-10 7.872492e-10 9.497058e-09 1.385665e-07 
161 12708 1.451765e-01 1.293223e-07 5.191127e-10 5.191127e-10 7.088126e-10 8.595487e-09 1.293223e-07 
162 12742 1.219955e-01 1.126308e-07 4.565148e-10 4.565148e-10 6.022779e-10 7.447201e-09 1.126308e-07 
163 12776 1.101064e-01 1.061049e-07 4.124473e-10 4.124473e-10 5.200643e-10 6.471351e-09 1.061049e-07 
164 12810 1.048350e-01 9.882765e-08 3.771037e-10 3.771037e-10 4.568037e-10 6.577997e-09 9.882765e-08 
165 12844 1.157679e-01 9.054197e-08 3.464283e-10 3.464283e-10 3.925376e-10 6.849128e-09 9.054197e-08 
166 12878 1.068609e-01 7.693501e-08 3.180023e-10 3.180023e-10 3.707673e-10 5.740022e-09 7.693501e-08 
167 12912 8.948210e-02 6.529946e-08 3.018301e-10 3.018301e-10 3.332423e-10 4.799092e-09 6.529946e-08 
168 12946 9.231422e-02 5.840828e-08 2.619094e-10 2.619094e-10 3.303927e-10 4.203157e-09 5.840828e-08 
169 12980 9.185254e-02 5.007178e-08 2.241772e-10 2.241772e-10 2.745506e-10 4.141270e-09 5.007178e-08 
170 13014 8.041942e-02 4.855094e-08 1.965461e-10 1.965461e-10 2.492666e-10 3.617438e-09 4.855094e-08 
171 13048 7.218226e-02 4.412931e-08 1.764662e-10 1.764662e-10 2.270746e-10 3.153443e-09 4.412931e-08 
172 13082 7.255519e-02 4.390224e-08 1.500546e-10 1.500546e-10 2.089420e-10 2.936377e-09 4.390224e-08 
173 13116 6.764844e-02 3.790334e-08 1.291235e-10 1.291235e-10 1.811324e-10 2.608552e-09 3.790334e-08 
174 13150 5.724397e-02 3.376948e-08 1.274847e-10 1.274847e-10 1.600041e-10 2.343060e-09 3.376948e-08 
175 13184 4.666867e-02 3.130327e-08 1.135981e-10 1.135981e-10 1.539094e-10 1.990544e-09 3.130327e-08 
1 13254 1.452990e+02 6.925557e-01 9.879713e-03 9.879713e-03 2.107640e-02 2.796807e-01 6.925557e-01 
2 13322 1.647398e+02 5.136644e-01 9.336884e-03 9.336884e-03 1.810211e-02 2.389319e-01 5.136644e-01 
3 13390 2.099257e+02 3.524428e-01 7.513960e-03 7.513960e-03 2.168551e-02 1.816732e-01 3.524428e-01 
4 13458 2.150491e+02 2.409563e-01 7.221965e-03 7.221965e-03 1.544744e-02 1.377960e-01 2.409563e-01 
5 13526 2.401976e+02 1.655254e-01 7.089250e-03 7.089250e-03 1.660447e-02 1.071609e-01 1.655254e-01 
6 13594 2.265649e+02 1.164853e-01 5.678423e-03 5.678423e-03 1.522066e-02 8.049157e-02 1.164853e-01 
7 13662 2.200489e+02 8.948973e-02 4.752030e-03 4.752030e-03 1.286050e-02 6.092600e-02 8.948973e-02 
8 13730 1.979339e+02 7.032594e-02 3.664487e-03 3.664487e-03 9.603684e-03 4.604093e-02 7.032594e-02 
9 13798 2.190196e+02 5.680442e-02 2.769989e-03 2.769989e-03 9.173789e-03 3.461146e-02 5.680442e-02 
10 13866 2.146547e+02 4.657674e-02 2.324135e-03 2.324135e-03 6.993862e-03 2.584812e-02 4.657674e-02 
11 13934 2.168947e+02 3.920969e-02 2.186566e-03 2.186566e-03 5.672442e-03 1.878650e-02 3.920969e-02 
12 14002 1.853678e+02 2.907129e-02 1.614733e-03 1.614733e-03 4.354830e-03 1.459796e-02 2.907129e-02 
13 14070 2.100057e+02 2.462225e-02 1.298062e-03 1.298062e-03 3.492323e-03 1.353040e-02 2.462225e-02 
14 14138 2.167795e+02 2.229320e-02 1.042007e-03 1.042007e-03 2.550134e-03 1.147997e-02 2.229320e-02 
15 14206 2.111982e+02 2.054144e-02 8.159463e-04 8.159463e-04 1.947165e-03 8.754245e-03 2.054144e-02 
16 14274 1.977922e+02 1.652932e-02 6.825325e-04 6.825325e-04 1.422278e-03 7.358953e-03 1.652932e-02 
17 14342 1.919491e+02 1.332520e-02 5.722558e-04 5.722558e-04 1.015729e-03 5.881651e-03 1.332520e-02 
18 14410 1.936152e+02 1.130014e-02 5.694003e-04 5.694003e-04 8.518221e-04 4.904775e-03 1.130014e-02 
19 14478 1.689635e+02 8.269794e-03 5.063949e-04 5.063949e-04 6.433852e-04 3.932032e-03 8.269794e-03 
20 14546 2.128559e+02 6.507067e-03 4.645222e-04 4.645222e-04 5.307275e-04 3.824689e-03 6.507067e-03 
21 14614 2.070146e+02 4.759839e-03 3.570956e-04 3.570956e-04 4.150780e-04 2.679320e-03 4.759839e-03 
22 14682 2.111858e+02 4.370572e-03 2.734606e-04 2.734606e-04 3.951073e-04 2.062130e-03 4.370572e-03 
23 14750 2.450019e+02 3.603671e-03 1.954624e-04 1.954624e-04 4.378186e-04 1.450812e-03 3.603671e-03 
24 14818 2.223678e+02 3.194285e-03 1.415338e-04 1.415338e-04 3.613450e-04 1.198071e-03 3.194285e-03 
25 14886 2.345516e+02 3.171245e-03 9.985470e-05 9.985470e-05 3.249224e-04 1.000368e-03 3.171245e-03 
26 14954 2.899034e+02 3.486504e-03 8.306703e-05 8.306703e-05 2.638555e-04 9.057172e-04 3.486504e-03 
27 15022 2.564000e+02 2.959382e-03 6.166210e-05 6.166210e-05 2.005539e-04 7.120177e-04 2.959382e-03 
28 15090 2.432324e+02 2.580606e-03 4.842479e-05 4.842479e-05 1.596871e-04 6.228051e-04 2.580606e-03 
29 15158 2.254382e+02 2.453127e-03 4.094798e-05 4.094798e-05 1.211604e-04 5.564221e-04 2.453127e-03 
30 15226 2.636841e+02 2.588952e-03 3.452989e-05 3.452989e-05 9.068988e-05 4.863789e-04 2.588952e-03 
31 15294 2.326985e+02 2.315946e-03 2.855343e-05 2.855343e-05 6.774184e-05 3.880854e-04 2.315946e-03 
32 15362 2.273658e+02 1.958838e-03 2.480085e-05 2.480085e-05 5.191872e-05 3.344043e-04 1.958838e-03 
33 15430 2.264780e+02 1.851244e-03 1.950453e-05 1.950453e-05 3.857737e-05 3.269402e-04 1.851244e-03 
34 15498 2.574330e+02 1.738074e-03 1.583091e-05 1.583091e-05 2.773844e-05 3.659652e-04 1.738074e-03 
35 15566 2.349024e+02 1.379918e-03 1.313678e-05 1.313678e-05 2.112173e-05 2.677347e-04 1.379918e-03 
36 15634 2.389357e+02 1.113844e-03 1.029967e-05 1.029967e-05 1.676563e-05 2.261759e-04 1.113844e-03 
37 15702 2.363989e+02 9.470048e-04 8.817865e-06 8.817865e-06 1.280541e-05 2.057369e-04 9.470048e-04 
38 15770 2.252946e+02 7.922699e-04 8.367988e-06 8.367988e-06 8.842394e-06 1.713024e-04 7.922699e-04 
39 15838 2.291400e+02 6.331855e-04 6.991997e-06 6.991997e-06 7.520124e-06 1.275136e-04 6.331855e-04 
40 15906 2.193988e+02 5.108468e-04 5.840096e-06 5.840096e-06 6.250725e-06 9.771636e-05 5.108468e-04 
41 15974 2.231670e+02 4.152271e-04 4.597673e-06 4.597673e-06 5.340783e-06 7.281790e-05 4.152271e-04 
42 16042 2.246159e+02 4.015341e-04 4.101937e-06 4.101937e-06 4.211286e-06 6.045586e-05 4.015341e-04 
43 16110 1.990799e+02 3.382000e-04 3.293293e-06 3.293293e-06 3.351416e-06 4.528451e-05 3.382000e-04 
44 16178 1.986734e+02 3.092227e-04 2.733270e-06 2.733270e-06 2.931351e-06 3.843342e-05 3.092227e-04 
45 16246 2.070506e+02 3.322442e-04 2.190906e-06 2.190906e-06 2.474728e-06 3.105989e-05 3.322442e-04 
46 16314 2.130668e+02 2.873274e-04 1.861651e-06 1.861651e-06 2.398776e-06 2.360801e-05 2.873274e-04 
47 16382 1.931726e+02 2.190032e-04 1.332218e-06 1.332218e-06 2.074033e-06 2.049121e-05 2.190032e-04 
48 16450 2.107162e+02 2.271620e-04 1.000481e-06 1.000481e-06 1.838660e-06 1.690175e-05 2.271620e-04 
49 16518 1.986843e+02 1.950875e-04 8.830838e-07 8.830838e-07 1.336433e-06 1.410657e-05 1.950875e-04 
50 16586 1.866720e+02 1.568771e-04 6.831259e-07 6.831259e-07 1.000738e-06 1.232323e-05 1.568771e-04 
51 16654 2.157138e+02 1.528540e-04 5.754828e-07 5.754828e-07 8.587930e-07 1.128288e-05 1.528540e-04 
52 16722 1.953202e+02 1.415488e-04 4.642447e-07 4.642447e-07 6.642046e-07 8.409660e-06 1.415488e-04 
53 16790 2.120063e+02 1.073386e-04 3.764642e-07 3.764642e-07 6.387064e-07 7.045096e-06 1.073386e-04 
54 16858 2.115560e+02 8.320452e-05 3.217698e-07 3.217698e-07 4.931475e-07 6.373061e-06 8.320452e-05 
55 16926 2.007520e+02 7.211266e-05 2.500784e-07 2.500784e-07 3.636250e-07 5.043330e-06 7.211266e-05 
56 16994 1.899109e+02 6.358626e-05 2.314506e-07 2.314506e-07 3.102444e-07 4.249589e-06 6.358626e-05 
57 17062 1.973274e+02 5.256775e-05 1.862237e-07 1.862237e-07 2.474603e-07 4.051052e-06 5.256775e-05 
58 17130 2.000571e+02 3.867248e-05 1.506469e-07 1.506469e-07 1.969609e-07 3.652599e-06 3.867248e-05 
59 17198 2.136731e+02 3.017026e-05 1.200974e-07 1.200974e-07 1.567043e-07 3.059177e-06 3.017026e-05 
60 17266 1.958720e+02 2.353691e-05 9.422881e-08 9.422881e-08 1.357597e-07 2.296562e-06 2.353691e-05 
61 17334 2.119386e+02 1.978319e-05 7.808411e-08 7.808411e-08 1.206488e-07 2.170657e-06 1.978319e-05 
62 17402 1.916726e+02 1.661514e-05 6.687101e-08 6.687101e-08 9.411119e-08 1.514375e-06 1.661514e-05 
63 17470 2.117080e+02 1.256630e-05 6.616343e-08 6.616343e-08 8.108108e-08 1.409472e-06 1.256630e-05 
64 17538 2.327587e+02 9.408088e-06 5.289625e-08 5.289625e-08 8.628194e-08 1.018589e-06 9.408088e-06 
65 17606 2.119866e+02 8.029740e-06 3.767162e-08 3.767162e-08 7.123201e-08 7.801507e-07 8.029740e-06 
66 17674 1.891798e+02 7.425377e-06 3.430166e-08 3.430166e-08 5.630875e-08 6.336909e-07 7.425377e-06 
67 17742 2.078921e+02 6.269257e-06 2.810158e-08 2.810158e-08 4.768445e-08 6.546244e-07 6.269257e-06 
68 17810 1.953574e+02 5.358864e-06 2.378925e-08 2.378925e-08 4.012177e-08 5.371362e-07 5.358864e-06 
69 17878 1.858432e+02 4.347278e-06 1.920075e-08 1.920075e-08 3.481360e-08 4.286712e-07 4.347278e-06 
70 17946 2.076175e+02 3.581840e-06 1.409007e-08 1.409007e-08 2.651835e-08 3.770011e-07 3.581840e-06 
71 18014 1.906002e+02 3.295230e-06 1.192113e-08 1.192113e-08 2.042331e-08 3.112510e-07 3.295230e-06 
72 18082 1.801260e+02 2.682642e-06 1.107615e-08 1.107615e-08 1.686166e-08 2.556361e-07 2.682642e-06 
73 18150 1.721917e+02 2.251345e-06 9.181420e-09 9.181420e-09 1.300759e-08 2.219679e-07 2.251345e-06 
74 18218 1.747919e+02 2.191263e-06 7.067947e-09 7.067947e-09 1.005096e-08 1.628516e-07 2.191263e-06 
75 18286 1.928841e+02 1.717043e-06 4.930463e-09 4.930463e-09 9.010441e-09 1.526948e-07 1.717043e-06 
76 18354 2.108837e+02 1.440754e-06 4.732672e-09 4.732672e-09 7.340572e-09 1.186534e-07 1.440754e-06 
77 18422 1.812877e+02 1.118881e-06 3.716485e-09 3.716485e-09 6.282084e-09 8.761986e-08 1.118881e-06 
78 18490 1.817983e+02 9.082110e-07 3.357162e-09 3.357162e-09 5.802925e-09 7.419792e-08 9.082110e-07 
79 18558 1.708524e+02 6.117809e-07 2.649063e-09 2.649063e-09 4.420992e-09 6.398476e-08 6.117809e-07 
80 18626 1.819997e+02 5.129840e-07 2.303032e-09 2.303032e-09 4.120794e-09 5.071823e-08 5.129840e-07 
81 18694 1.694702e+02 4.367698e-07 2.018984e-09 2.018984e-09 3.197608e-09 4.108226e-08 4.367698e-07 
82 18762 1.722823e+02 3.555860e-07 1.913405e-09 1.913405e-09 2.480506e-09 3.427813e-08 3.555860e-07 
83 18830 1.674894e+02 3.270529e-07 1.413908e-09 1.413908e-09 2.099569e-09 2.611247e-08 3.270529e-07 
84 18898 1.546183e+02 2.556522e-07 1.154911e-09 1.154911e-09 1.672566e-09 2.142877e-08 2.556522e-07 
85 18966 1.572848e+02 2.245150e-07 1.008716e-09 1.008716e-09 1.369819e-09 1.973817e-08 2.245150e-07 
86 19034 1.764469e+02 1.840514e-07 8.721046e-10 8.721046e-10 1.135956e-09 1.882170e-08 1.840514e-07 
87 19102 1.832786e+02 1.625591e-07 6.935798e-10 6.935798e-10 9.281976e-10 1.506834e-08 1.625591e-07 
88 19170 1.900309e+02 1.491470e-07 5.958493e-10 5.958493e-10 7.035541e-10 1.117665e-08 1.491470e-07 
89 19238 1.904761e+02 1.251522e-07 4.512929e-10 4.512929e-10 5.720342e-10 9.197155e-09 1.251522e-07 
90 19306 1.830705e+02 1.021836e-07 3.266746e-10 3.266746e-10 4.215876e-10 8.124415e-09 1.021836e-07 
91 19374 1.818746e+02 8.124457e-08 2.427823e-10 2.427823e-10 3.731437e-10 5.888009e-09 8.124457e-08 
92 19442 1.749372e+02 6.111008e-08 2.182315e-10 2.182315e-10 2.985276e-10 4.869052e-09 6.111008e-08 
93 19510 1.912223e+02 5.779655e-08 1.676347e-10 1.676347e-10 2.388183e-10 4.507683e-09 5.779655e-08 
94 19578 1.740707e+02 4.705249e-08 1.377658e-10 1.377658e-10 1.813185e-10 3.470016e-09 4.705249e-08 
95 19646 1.657309e+02 3.882863e-08 1.147444e-10 1.147444e-10 1.418929e-10 2.982690e-09 3.882863e-08 
96 19714 1.567997e+02 2.992725e-08 9.610702e-11 9.610702e-11 1.165373e-10 2.261225e-09 2.992725e-08 
97 19782 1.504206e+02 2.408238e-08 8.325146e-11 8.325146e-11 9.072678e-11 1.998850e-09 2.408238e-08 
98 19850 1.405526e+02 1.902090e-08 6.923453e-11 6.923453e-11 7.653744e-11 1.582950e-09 1.902090e-08 
99 19918 1.517486e+02 1.511027e-08 6.256392e-11 6.256392e-11 6.696144e-11 1.376040e-09 1.511027e-08 
100 19986 1.456887e+02 1.428688e-08 4.638326e-11 4.638326e-11 5.046675e-11 1.026917e-09 1.428688e-08 
101 20054 1.398478e+02 9.849954e-09 4.095605e-11 4.095605e-11 4.501334e-11 8.617794e-10 9.849954e-09 
102 20122 1.404482e+02 8.086670e-09 3.310708e-11 3.310708e-11 4.432298e-11 6.714396e-10 8.086670e-09 
103 20190 1.348782e+02 6.377109e-09 2.739508e-11 2.739508e-11 3.495568e-11 6.029675e-10 6.377109e-09 
104 20258 1.641514e+02 5.220085e-09 2.271223e-11 2.271223e-11 3.734789e-11 4.738350e-10 5.220085e-09 
105 20326 1.645308e+02 4.168144e-09 1.880028e-11 1.880028e-11 2.932834e-11 3.451324e-10 4.168144e-09 
106 20394 1.413138e+02 3.575205e-09 1.487400e-11 1.487400e-11 2.217437e-11 2.606474e-10 3.575205e-09 
107 20462 1.498016e+02 2.580250e-09 1.150363e-11 1.150363e-11 1.886410e-11 2.168908e-10 2.580250e-09 
108 20530 1.574509e+02 2.287892e-09 8.601157e-12 8.601157e-12 1.500862e-11 1.816796e-10 2.287892e-09 
109 20598 1.615486e+02 1.911014e-09 7.332245e-12 7.332245e-12 1.165735e-11 1.443619e-10 1.911014e-09 
110 20666 1.672321e+02 1.654677e-09 7.487126e-12 7.487126e-12 9.239588e-12 1.234085e-10 1.654677e-09 
111 20734 1.525670e+02 1.223474e-09 6.137953e-12 6.137953e-12 7.925145e-12 9.660424e-11 1.223474e-09 
112 20802 1.656909e+02 1.047217e-09 4.731803e-12 4.731803e-12 7.482741e-12 7.709106e-11 1.047217e-09 
113 20870 1.715113e+02 8.702358e-10 4.251363e-12 4.251363e-12 5.500677e-12 5.991777e-11 8.702358e-10 
114 20938 1.741921e+02 8.414357e-10 3.396659e-12 3.396659e-12 5.019919e-12 5.572717e-11 8.414357e-10 
115 21006 1.646452e+02 7.374495e-10 2.572126e-12 2.572126e-12 3.745476e-12 4.277659e-11 7.374495e-10 
116 21074 1.762435e+02 6.613315e-10 2.124809e-12 2.124809e-12 2.897578e-12 3.619555e-11 6.613315e-10 
117 21142 1.979911e+02 5.470434e-10 1.678445e-12 1.678445e-12 3.026758e-12 3.176935e-11 5.470434e-10 
118 21210 1.808285e+02 4.240450e-10 1.395232e-12 1.395232e-12 2.283001e-12 2.717380e-11 4.240450e-10 
119 21278 1.656922e+02 3.121106e-10 1.064264e-12 1.064264e-12 1.829734e-12 2.239493e-11 3.121106e-10 
120 21346 2.061292e+02 2.601133e-10 8.675325e-13 8.675325e-13 1.507713e-12 2.154270e-11 2.601133e-10 
121 21414 1.872117e+02 2.096227e-10 7.300152e-13 7.300152e-13 1.251107e-12 1.652138e-11 2.096227e-10 
122 21482 2.064192e+02 1.464356e-10 5.903464e-13 5.903464e-13 8.940383e-13 1.618274e-11 1.464356e-10 
123 21550 1.730642e+02 1.141670e-10 4.565686e-13 4.565686e-13 6.619178e-13 1.229246e-11 1.141670e-10 
124 21618 2.130246e+02 1.036102e-10 3.847697e-13 3.847697e-13 5.615392e-13 1.081564e-11 1.036102e-10 
125 21686 2.048651e+02 9.207122e-11 3.131062e-13 3.131062e-13 4.860625e-13 7.441505e-12 9.207122e-11 
126 21754 1.959586e+02 7.943614e-11 2.411250e-13 2.411250e-13 3.846485e-13 5.186460e-12 7.943614e-11 
127 21822 2.039984e+02 6.773531e-11 1.790531e-13 1.790531e-13 3.562418e-13 3.918705e-12 6.773531e-11 
128 21890 2.089653e+02 5.581923e-11 1.385512e-13 1.385512e-13 2.946566e-13 3.165672e-12 5.581923e-11 
129 21958 1.870589e+02 4.199233e-11 1.131549e-13 1.131549e-13 2.253904e-13 2.680036e-12 4.199233e-11 
130 22026 1.795890e+02 3.250330e-11 9.046798e-14 9.046798e-14 1.907773e-13 2.235136e-12 3.250330e-11 
131 22094 1.992463e+02 2.598618e-11 8.266927e-14 8.266927e-14 1.404373e-13 2.102099e-12 2.598618e-11 
132 22162 2.018734e+02 2.038804e-11 6.682535e-14 6.682535e-14 1.098070e-13 1.745655e-12 2.038804e-11 
133 22230 1.761734e+02 1.629085e-11 5.294648e-14 5.294648e-14 8.458723e-14 1.300262e-12 1.629085e-11 
134 22298 1.740175e+02 1.418087e-11 4.934104e-14 4.934104e-14 6.805673e-14 9.952665e-13 1.418087e-11 
135 22366 1.983172e+02 1.014413e-11 3.865403e-14 3.865403e-14 7.150860e-14 9.393508e-13 1.014413e-11 
136 22434 1.994078e+02 9.664556e-12 3.310819e-14 3.310819e-14 5.754348e-14 7.144599e-13 9.664556e-12 
137 22502 1.916768e+02 8.402138e-12 2.940397e-14 2.940397e-14 5.176475e-14 5.433339e-13 8.402138e-12 
