%  columns="iteration, evaluation, fitness, void, void, xrecentbest" (startseed=214675, 2023/10/9 16:50:38.76)
1 10  4.160917018071657481e+00 0 0 1.846424e+00 2.440453e+02 5.608833e+01 1.484863e+01 
2 19  5.285393155475828664e+00 0 0 9.279192e-01 2.161901e+02 5.824964e+01 1.072586e+01 
3 28  7.865120400553742286e+00 0 0 1.626468e+00 2.190816e+02 2.680831e+01 9.150298e+00 
4 37  6.894080942228627329e+00 0 0 3.241997e+00 1.192590e+02 5.303110e+01 9.696675e+00 
5 46  4.982186356164675978e+00 0 0 2.281660e+00 2.388152e+02 4.423572e+01 1.428498e+01 
6 55  6.180878129444690394e+00 0 0 1.263534e+00 1.564789e+02 7.195089e+01 1.247011e+01 
7 64  3.867264658828542423e+00 0 0 2.295123e+00 1.991336e+02 8.110100e+01 1.443590e+01 
8 73  4.463047138053010343e+00 0 0 1.331195e+00 2.013371e+02 7.526693e+01 1.024041e+01 
9 82  4.222130683026248832e+00 0 0 1.267783e+00 2.192255e+02 6.830528e+01 9.964878e+00 
10 91  4.325490412735822687e+00 0 0 1.259979e+00 2.499406e+02 6.180158e+01 1.015199e+01 
11 100  3.346178254750112657e+00 0 0 1.649571e+00 2.036941e+02 9.615677e+01 9.007533e+00 
12 109  2.891153891338170467e+00 0 0 2.551033e+00 2.158826e+02 1.030049e+02 7.770537e+00 
13 118  3.229774510158996748e+00 0 0 2.446973e+00 2.434847e+02 7.413468e+01 7.973291e+00 
14 127  2.765704339771196452e+00 0 0 2.918915e+00 2.223820e+02 9.902862e+01 8.314586e+00 
15 136  2.904307400586166654e+00 0 0 3.567839e+00 2.388994e+02 7.975054e+01 7.533445e+00 
16 145  2.751217279980854080e+00 0 0 3.972947e+00 2.166704e+02 1.124545e+02 7.221590e+00 
17 154  2.499031962420906972e+00 0 0 3.769355e+00 2.043946e+02 1.078437e+02 8.706507e+00 
18 163  2.499439380138696265e+00 0 0 5.380973e+00 2.262241e+02 9.012219e+01 9.830123e+00 
19 172  2.397005228367411700e+00 0 0 4.030770e+00 2.208204e+02 8.076457e+01 6.423236e+00 
20 181  2.523542520789053611e+00 0 0 3.868679e+00 2.039738e+02 9.078404e+01 6.903090e+00 
21 190  2.548984763438502110e+00 0 0 3.984051e+00 2.210354e+02 6.684568e+01 4.538437e+00 
22 199  2.484402337869676458e+00 0 0 5.024070e+00 2.161408e+02 9.147405e+01 6.892683e+00 
23 208  2.386422360329201187e+00 0 0 4.227378e+00 2.126007e+02 7.857243e+01 6.530956e+00 
24 217  2.462064349034297717e+00 0 0 4.293347e+00 2.209134e+02 8.238049e+01 6.064081e+00 
25 226  2.381107033684619623e+00 0 0 4.115950e+00 2.217400e+02 7.573321e+01 7.270594e+00 
26 235  2.378069314501573217e+00 0 0 4.330277e+00 2.152732e+02 8.090435e+01 6.799776e+00 
27 244  2.374662297785897991e+00 0 0 4.274481e+00 2.141443e+02 7.862651e+01 7.140499e+00 
28 253  2.381453562140822378e+00 0 0 4.120530e+00 2.136298e+02 8.185291e+01 6.607876e+00 
29 262  2.373552944680600962e+00 0 0 4.302498e+00 2.143110e+02 8.119808e+01 7.055298e+00 
30 271  2.369045907834046005e+00 0 0 4.433938e+00 2.127591e+02 8.375239e+01 7.260334e+00 
31 280  2.362623542973549817e+00 0 0 4.204531e+00 2.170576e+02 8.425679e+01 7.644441e+00 
32 289  2.355327343101083493e+00 0 0 4.219360e+00 2.137987e+02 9.019534e+01 7.811252e+00 
33 298  2.348003937333368540e+00 0 0 4.046175e+00 2.132037e+02 8.345938e+01 8.821901e+00 
34 307  2.360180597982878492e+00 0 0 4.030662e+00 2.108275e+02 9.470177e+01 9.536849e+00 
35 316  2.336548932385186017e+00 0 0 4.085621e+00 2.190616e+02 8.625663e+01 9.250982e+00 
36 325  2.331367665601196570e+00 0 0 3.964221e+00 2.165690e+02 8.755472e+01 1.014141e+01 
37 334  2.330804008092040469e+00 0 0 4.264864e+00 2.153775e+02 8.581207e+01 9.415450e+00 
38 343  2.330350570987517411e+00 0 0 4.204569e+00 2.174075e+02 9.132285e+01 9.615281e+00 
39 352  2.361669060287988398e+00 0 0 3.890720e+00 2.131204e+02 8.416516e+01 8.940977e+00 
40 361  2.322831602878733026e+00 0 0 3.963378e+00 2.162685e+02 9.076644e+01 1.013386e+01 
41 370  2.331898671240053567e+00 0 0 3.969828e+00 2.136623e+02 9.065402e+01 9.804773e+00 
42 379  2.328331161628703683e+00 0 0 4.012090e+00 2.159372e+02 8.891877e+01 1.021274e+01 
43 388  2.319321412669360427e+00 0 0 4.106704e+00 2.135902e+02 9.214179e+01 9.908805e+00 
44 397  2.318377941305454826e+00 0 0 4.203232e+00 2.142966e+02 9.379482e+01 9.934110e+00 
45 406  2.318229235574527092e+00 0 0 4.302235e+00 2.118554e+02 9.465428e+01 1.014663e+01 
46 415  2.322499465745666125e+00 0 0 4.347332e+00 2.174827e+02 9.158157e+01 1.017447e+01 
47 424  2.320994962924123328e+00 0 0 4.394860e+00 2.158562e+02 9.236413e+01 1.023439e+01 
48 433  2.317307812584279425e+00 0 0 4.270828e+00 2.144216e+02 9.536447e+01 1.029146e+01 
49 442  2.317420851059280640e+00 0 0 4.454297e+00 2.138188e+02 9.469343e+01 9.938505e+00 
50 451  2.319531020522481057e+00 0 0 4.379968e+00 2.129808e+02 9.697431e+01 1.028777e+01 
51 460  2.317982283164761625e+00 0 0 4.452108e+00 2.131659e+02 9.568145e+01 1.026168e+01 
52 469  2.318710711091517496e+00 0 0 4.503002e+00 2.135148e+02 9.674420e+01 1.005799e+01 
53 478  2.315767748066988041e+00 0 0 4.453414e+00 2.124491e+02 9.765930e+01 9.966667e+00 
54 487  2.315859265096070541e+00 0 0 4.417547e+00 2.134647e+02 9.521400e+01 1.001946e+01 
55 496  2.316544352444969590e+00 0 0 4.434445e+00 2.118864e+02 9.731812e+01 9.981159e+00 
56 505  2.315928113091768381e+00 0 0 4.478935e+00 2.121392e+02 9.742001e+01 9.938223e+00 
57 514  2.315969319578740304e+00 0 0 4.457464e+00 2.132938e+02 9.671575e+01 1.008678e+01 
58 523  2.315759554033627321e+00 0 0 4.415293e+00 2.132751e+02 9.635528e+01 1.002681e+01 
59 532  2.315644518139639896e+00 0 0 4.476866e+00 2.140342e+02 9.572388e+01 1.009348e+01 
60 541  2.315666284734581026e+00 0 0 4.503811e+00 2.139507e+02 9.566999e+01 1.000697e+01 
61 550  2.316038763580549720e+00 0 0 4.484596e+00 2.142801e+02 9.556419e+01 1.018801e+01 
62 559  2.315699102216633332e+00 0 0 4.441263e+00 2.146765e+02 9.494588e+01 1.011935e+01 
63 568  2.315612943569574256e+00 0 0 4.391059e+00 2.142839e+02 9.501912e+01 1.005676e+01 
64 577  2.315608678683814148e+00 0 0 4.369675e+00 2.142092e+02 9.554955e+01 1.005288e+01 
65 586  2.316209773308509412e+00 0 0 4.378840e+00 2.137304e+02 9.569415e+01 1.013085e+01 
66 595  2.315795941591003881e+00 0 0 4.456665e+00 2.136420e+02 9.584842e+01 1.007541e+01 
67 604  2.315664770228301528e+00 0 0 4.410670e+00 2.140245e+02 9.567115e+01 1.006655e+01 
68 613  2.315874918540337557e+00 0 0 4.396075e+00 2.143099e+02 9.493673e+01 1.011019e+01 
69 622  2.315503089531796288e+00 0 0 4.434500e+00 2.144036e+02 9.504538e+01 1.006497e+01 
70 631  2.315578856247349826e+00 0 0 4.437510e+00 2.147699e+02 9.434694e+01 1.009121e+01 
71 640  2.315904465980733740e+00 0 0 4.450406e+00 2.148847e+02 9.502455e+01 1.017186e+01 
72 649  2.315511932335385659e+00 0 0 4.450593e+00 2.144163e+02 9.523014e+01 1.007756e+01 
73 658  2.315472799689952677e+00 0 0 4.466960e+00 2.146520e+02 9.478375e+01 1.008832e+01 
74 667  2.315505554176124470e+00 0 0 4.479069e+00 2.147201e+02 9.502114e+01 1.010807e+01 
75 676  2.315278488175900318e+00 0 0 4.558212e+00 2.145747e+02 9.484898e+01 1.005780e+01 
76 685  2.315367506190576741e+00 0 0 4.537698e+00 2.145657e+02 9.448583e+01 1.010274e+01 
77 694  2.315507878339437386e+00 0 0 4.550870e+00 2.143459e+02 9.462610e+01 1.012185e+01 
78 703  2.315234896604194237e+00 0 0 4.565444e+00 2.155291e+02 9.336898e+01 1.014563e+01 
79 712  2.315390400079042621e+00 0 0 4.540546e+00 2.148351e+02 9.371514e+01 1.011490e+01 
80 721  2.315284679432663140e+00 0 0 4.529981e+00 2.145764e+02 9.452613e+01 1.008405e+01 
81 730  2.315187020474009039e+00 0 0 4.551892e+00 2.149341e+02 9.445691e+01 1.010448e+01 
82 739  2.315201822469992621e+00 0 0 4.547490e+00 2.150762e+02 9.436674e+01 1.010983e+01 
83 748  2.315069285143062316e+00 0 0 4.562575e+00 2.148305e+02 9.465765e+01 1.008859e+01 
84 757  2.315154026324744319e+00 0 0 4.589804e+00 2.154540e+02 9.378117e+01 1.015058e+01 
85 766  2.315013726616485634e+00 0 0 4.581650e+00 2.152169e+02 9.416976e+01 1.010736e+01 
86 775  2.315132368065264679e+00 0 0 4.576020e+00 2.152233e+02 9.409639e+01 1.012545e+01 
87 784  2.315064996405516773e+00 0 0 4.583344e+00 2.151967e+02 9.437179e+01 1.012079e+01 
88 793  2.315081358506958065e+00 0 0 4.568009e+00 2.150794e+02 9.439112e+01 1.010499e+01 
89 802  2.315034770139081211e+00 0 0 4.583379e+00 2.151762e+02 9.434440e+01 1.009885e+01 
90 811  2.315076570339753559e+00 0 0 4.580197e+00 2.151754e+02 9.421002e+01 1.010138e+01 
91 820  2.315018039525877924e+00 0 0 4.579022e+00 2.152651e+02 9.419006e+01 1.010948e+01 
92 829  2.315027258392364562e+00 0 0 4.580559e+00 2.150394e+02 9.451000e+01 1.009075e+01 
93 838  2.314993775995711545e+00 0 0 4.585160e+00 2.151674e+02 9.427011e+01 1.010676e+01 
94 847  2.314988690680421790e+00 0 0 4.583437e+00 2.151412e+02 9.439288e+01 1.009909e+01 
95 856  2.315014562202559301e+00 0 0 4.579567e+00 2.151284e+02 9.441304e+01 1.010528e+01 
96 865  2.315008428111234196e+00 0 0 4.583753e+00 2.149877e+02 9.446565e+01 1.010120e+01 
97 874  2.315011317411126868e+00 0 0 4.579666e+00 2.149587e+02 9.448614e+01 1.009685e+01 
98 883  2.314998035541000476e+00 0 0 4.586022e+00 2.151257e+02 9.428770e+01 1.010642e+01 
99 892  2.314989571717182226e+00 0 0 4.584174e+00 2.150737e+02 9.433263e+01 1.010101e+01 
100 901  2.314983393097795883e+00 0 0 4.586318e+00 2.150781e+02 9.439482e+01 1.010002e+01 
101 910  2.314974439344211099e+00 0 0 4.585453e+00 2.151063e+02 9.434565e+01 1.010122e+01 
102 919  2.314978957541851123e+00 0 0 4.583435e+00 2.151748e+02 9.431330e+01 1.010325e+01 
103 928  2.314979768122149117e+00 0 0 4.586453e+00 2.152216e+02 9.425859e+01 1.010777e+01 
104 937  2.314971358699710713e+00 0 0 4.584961e+00 2.151542e+02 9.434203e+01 1.010254e+01 
105 946  2.314975216985453166e+00 0 0 4.584957e+00 2.151903e+02 9.430093e+01 1.010453e+01 
106 955  2.314963269489151099e+00 0 0 4.587110e+00 2.151593e+02 9.431065e+01 1.010270e+01 
107 964  2.314976541942247223e+00 0 0 4.587002e+00 2.151256e+02 9.434676e+01 1.010061e+01 
108 973  2.314965689105278113e+00 0 0 4.586775e+00 2.151560e+02 9.433681e+01 1.010316e+01 
109 982  2.314958490850012929e+00 0 0 4.587476e+00 2.151785e+02 9.432842e+01 1.010332e+01 
110 991  2.314961135302169737e+00 0 0 4.587131e+00 2.151926e+02 9.431340e+01 1.010376e+01 
111 1000  2.314958009242875203e+00 0 0 4.587884e+00 2.152070e+02 9.430747e+01 1.010479e+01 
112 1009  2.314958064463862097e+00 0 0 4.586680e+00 2.151508e+02 9.435871e+01 1.010138e+01 
113 1018  2.314960290339652893e+00 0 0 4.586240e+00 2.151339e+02 9.436995e+01 1.010051e+01 
114 1027  2.314960542970753821e+00 0 0 4.585236e+00 2.151020e+02 9.440116e+01 1.009885e+01 
115 1036  2.314959363998968733e+00 0 0 4.586458e+00 2.151524e+02 9.437331e+01 1.010096e+01 
116 1045  2.314958804261320058e+00 0 0 4.586165e+00 2.151275e+02 9.438717e+01 1.010050e+01 
117 1054  2.314959009834163695e+00 0 0 4.586427e+00 2.151664e+02 9.435246e+01 1.010226e+01 
118 1063  2.314955842082549342e+00 0 0 4.586253e+00 2.151427e+02 9.438204e+01 1.010067e+01 
119 1072  2.314956228327917032e+00 0 0 4.586484e+00 2.151334e+02 9.438271e+01 1.010027e+01 
120 1081  2.314954659009967664e+00 0 0 4.586661e+00 2.151539e+02 9.437719e+01 1.010134e+01 
121 1090  2.314954181847879600e+00 0 0 4.586339e+00 2.151119e+02 9.441422e+01 1.009935e+01 
122 1099  2.314954223916395826e+00 0 0 4.586837e+00 2.151329e+02 9.438885e+01 1.010021e+01 
123 1108  2.314952756549353730e+00 0 0 4.586645e+00 2.151273e+02 9.439992e+01 1.009995e+01 
124 1117  2.314952513607409834e+00 0 0 4.586576e+00 2.151190e+02 9.441208e+01 1.009958e+01 
125 1126  2.314951244497175153e+00 0 0 4.586243e+00 2.151156e+02 9.442353e+01 1.009901e+01 
126 1135  2.314952837836534716e+00 0 0 4.586198e+00 2.151016e+02 9.444517e+01 1.009883e+01 
127 1144  2.314952078397827240e+00 0 0 4.586328e+00 2.150975e+02 9.444747e+01 1.009823e+01 
128 1153  2.314951544437070741e+00 0 0 4.585889e+00 2.150753e+02 9.445369e+01 1.009674e+01 
129 1162  2.314951139287166448e+00 0 0 4.585505e+00 2.150615e+02 9.448647e+01 1.009641e+01 
130 1171  2.314951104277699123e+00 0 0 4.585626e+00 2.150609e+02 9.448118e+01 1.009641e+01 
131 1180  2.314952716003381372e+00 0 0 4.585773e+00 2.150592e+02 9.447158e+01 1.009617e+01 
132 1189  2.314949283334652108e+00 0 0 4.584882e+00 2.150163e+02 9.452803e+01 1.009373e+01 
133 1198  2.314947614461893011e+00 0 0 4.585143e+00 2.150370e+02 9.450573e+01 1.009441e+01 
134 1207  2.314946850262043387e+00 0 0 4.584960e+00 2.150100e+02 9.453979e+01 1.009318e+01 
135 1216  2.314945305898046701e+00 0 0 4.584781e+00 2.149990e+02 9.455667e+01 1.009239e+01 
136 1225  2.314946362978614225e+00 0 0 4.583796e+00 2.149556e+02 9.460369e+01 1.009006e+01 
137 1234  2.314943345457538992e+00 0 0 4.584096e+00 2.149761e+02 9.458869e+01 1.009066e+01 
138 1243  2.314943078014438882e+00 0 0 4.583845e+00 2.149476e+02 9.462025e+01 1.008931e+01 
139 1252  2.314944301070981147e+00 0 0 4.584034e+00 2.149501e+02 9.459807e+01 1.008944e+01 
140 1261  2.314944452605326664e+00 0 0 4.583897e+00 2.149501e+02 9.460587e+01 1.008952e+01 
141 1270  2.314941507643560659e+00 0 0 4.583844e+00 2.149387e+02 9.462562e+01 1.008844e+01 
142 1279  2.314941481899115416e+00 0 0 4.583980e+00 2.149436e+02 9.462054e+01 1.008870e+01 
143 1288  2.314938861392613845e+00 0 0 4.583073e+00 2.148885e+02 9.468599e+01 1.008559e+01 
144 1297  2.314940071648967646e+00 0 0 4.583035e+00 2.148739e+02 9.470067e+01 1.008490e+01 
145 1306  2.314938720122441840e+00 0 0 4.582844e+00 2.148637e+02 9.470645e+01 1.008428e+01 
146 1315  2.314934535811723038e+00 0 0 4.580586e+00 2.147440e+02 9.485473e+01 1.007708e+01 
147 1324  2.314934695808034348e+00 0 0 4.580987e+00 2.147502e+02 9.485151e+01 1.007702e+01 
148 1333  2.314935417173089149e+00 0 0 4.581150e+00 2.147552e+02 9.483225e+01 1.007797e+01 
149 1342  2.314933667840753717e+00 0 0 4.580543e+00 2.147366e+02 9.486150e+01 1.007656e+01 
150 1351  2.314935925121823335e+00 0 0 4.581556e+00 2.147872e+02 9.480339e+01 1.007984e+01 
151 1360  2.314935342952614938e+00 0 0 4.580882e+00 2.147606e+02 9.482987e+01 1.007803e+01 
152 1369  2.314933485604495633e+00 0 0 4.580420e+00 2.147243e+02 9.488013e+01 1.007584e+01 
153 1378  2.314933663910322181e+00 0 0 4.581410e+00 2.147736e+02 9.481976e+01 1.007878e+01 
154 1387  2.314932054112389004e+00 0 0 4.580571e+00 2.147300e+02 9.487533e+01 1.007605e+01 
155 1396  2.314932651677778175e+00 0 0 4.580975e+00 2.147585e+02 9.484083e+01 1.007770e+01 
156 1405  2.314932391911556753e+00 0 0 4.581028e+00 2.147499e+02 9.484747e+01 1.007728e+01 
157 1414  2.314932463330384493e+00 0 0 4.580766e+00 2.147372e+02 9.486680e+01 1.007667e+01 
158 1423  2.314932357532463403e+00 0 0 4.580773e+00 2.147366e+02 9.486246e+01 1.007653e+01 
159 1432  2.314932638646772567e+00 0 0 4.580679e+00 2.147243e+02 9.487356e+01 1.007579e+01 
160 1441  2.314931785744954951e+00 0 0 4.580620e+00 2.147289e+02 9.487612e+01 1.007598e+01 
161 1450  2.314931481477584541e+00 0 0 4.580738e+00 2.147350e+02 9.486820e+01 1.007636e+01 
162 1459  2.314932236720290248e+00 0 0 4.580684e+00 2.147328e+02 9.486868e+01 1.007631e+01 
163 1468  2.314932036112822278e+00 0 0 4.580668e+00 2.147325e+02 9.487058e+01 1.007625e+01 
164 1477  2.314931462804223461e+00 0 0 4.580713e+00 2.147339e+02 9.486881e+01 1.007627e+01 
165 1486  2.314931521203344111e+00 0 0 4.580854e+00 2.147406e+02 9.486081e+01 1.007666e+01 
166 1495  2.314931560025106805e+00 0 0 4.580787e+00 2.147386e+02 9.486391e+01 1.007655e+01 
167 1504  2.314931297601500848e+00 0 0 4.580776e+00 2.147380e+02 9.486586e+01 1.007649e+01 
168 1513  2.314931174664804470e+00 0 0 4.580795e+00 2.147393e+02 9.486418e+01 1.007653e+01 
169 1522  2.314931161707901364e+00 0 0 4.580724e+00 2.147351e+02 9.486896e+01 1.007630e+01 
170 1531  2.314931148308207121e+00 0 0 4.580735e+00 2.147355e+02 9.486820e+01 1.007632e+01 
171 1540  2.314931357866363282e+00 0 0 4.580704e+00 2.147344e+02 9.486971e+01 1.007628e+01 
172 1549  2.314931201020747231e+00 0 0 4.580731e+00 2.147358e+02 9.486811e+01 1.007635e+01 
173 1558  2.314931154425912130e+00 0 0 4.580765e+00 2.147364e+02 9.486671e+01 1.007637e+01 
174 1567  2.314931237966011857e+00 0 0 4.580771e+00 2.147371e+02 9.486629e+01 1.007640e+01 
175 1576  2.314931175774277872e+00 0 0 4.580790e+00 2.147375e+02 9.486528e+01 1.007644e+01 
176 1585  2.314931119663857562e+00 0 0 4.580811e+00 2.147383e+02 9.486457e+01 1.007648e+01 
177 1594  2.314931064864680366e+00 0 0 4.580789e+00 2.147370e+02 9.486627e+01 1.007641e+01 
178 1603  2.314931032724136806e+00 0 0 4.580786e+00 2.147360e+02 9.486745e+01 1.007636e+01 
179 1612  2.314931020981973120e+00 0 0 4.580808e+00 2.147364e+02 9.486678e+01 1.007637e+01 
180 1621  2.314930760620008243e+00 0 0 4.580805e+00 2.147363e+02 9.486770e+01 1.007635e+01 
181 1630  2.314930881929264217e+00 0 0 4.580894e+00 2.147403e+02 9.486259e+01 1.007659e+01 
182 1639  2.314930669631369842e+00 0 0 4.580823e+00 2.147340e+02 9.487013e+01 1.007623e+01 
183 1648  2.314930595857683571e+00 0 0 4.580843e+00 2.147318e+02 9.487279e+01 1.007611e+01 
184 1657  2.314930501373125171e+00 0 0 4.580843e+00 2.147297e+02 9.487527e+01 1.007597e+01 
185 1666  2.314930285719487557e+00 0 0 4.580932e+00 2.147344e+02 9.486990e+01 1.007628e+01 
186 1675  2.314930956008000695e+00 0 0 4.581084e+00 2.147451e+02 9.485570e+01 1.007693e+01 
187 1684  2.314931076630092122e+00 0 0 4.580813e+00 2.147327e+02 9.487023e+01 1.007621e+01 
188 1693  2.314930605181528378e+00 0 0 4.580984e+00 2.147398e+02 9.486315e+01 1.007660e+01 
189 1702  2.314930227587697953e+00 0 0 4.580918e+00 2.147341e+02 9.486970e+01 1.007623e+01 
190 1711  2.314930457556102716e+00 0 0 4.580951e+00 2.147345e+02 9.486868e+01 1.007632e+01 
191 1720  2.314930336949910128e+00 0 0 4.580923e+00 2.147327e+02 9.487135e+01 1.007617e+01 
192 1729  2.314930689180902945e+00 0 0 4.580962e+00 2.147342e+02 9.486904e+01 1.007626e+01 
193 1738  2.314930451708874237e+00 0 0 4.580963e+00 2.147374e+02 9.486558e+01 1.007645e+01 
194 1747  2.314930469190717321e+00 0 0 4.580927e+00 2.147336e+02 9.486884e+01 1.007624e+01 
195 1756  2.314930267499862637e+00 0 0 4.580992e+00 2.147369e+02 9.486605e+01 1.007641e+01 
196 1765  2.314930370689899153e+00 0 0 4.580933e+00 2.147346e+02 9.486833e+01 1.007629e+01 
197 1774  2.314930288631188660e+00 0 0 4.580971e+00 2.147360e+02 9.486664e+01 1.007636e+01 
198 1783  2.314930188652698284e+00 0 0 4.580977e+00 2.147362e+02 9.486683e+01 1.007636e+01 
199 1792  2.314930239158852210e+00 0 0 4.580973e+00 2.147367e+02 9.486663e+01 1.007638e+01 
200 1801  2.314930146800978417e+00 0 0 4.580973e+00 2.147365e+02 9.486684e+01 1.007637e+01 
201 1810  2.314930041195351507e+00 0 0 4.580958e+00 2.147347e+02 9.486921e+01 1.007626e+01 
202 1819  2.314930026493444704e+00 0 0 4.580981e+00 2.147363e+02 9.486732e+01 1.007636e+01 
203 1828  2.314930059069542523e+00 0 0 4.580948e+00 2.147347e+02 9.486921e+01 1.007626e+01 
204 1837  2.314930065845285156e+00 0 0 4.580965e+00 2.147353e+02 9.486818e+01 1.007631e+01 
205 1846  2.314930014018114157e+00 0 0 4.580974e+00 2.147357e+02 9.486814e+01 1.007632e+01 
206 1855  2.314930102976211934e+00 0 0 4.580944e+00 2.147340e+02 9.486984e+01 1.007623e+01 
207 1864  2.314930052847925968e+00 0 0 4.580976e+00 2.147362e+02 9.486755e+01 1.007635e+01 
208 1873  2.314929988280956863e+00 0 0 4.580961e+00 2.147354e+02 9.486864e+01 1.007630e+01 
209 1882  2.314929983858664997e+00 0 0 4.580962e+00 2.147354e+02 9.486863e+01 1.007630e+01 
210 1891  2.314930012871701415e+00 0 0 4.580957e+00 2.147346e+02 9.486960e+01 1.007625e+01 
211 1900  2.314930007527802758e+00 0 0 4.580958e+00 2.147348e+02 9.486910e+01 1.007627e+01 
212 1909  2.314930033051929126e+00 0 0 4.580952e+00 2.147347e+02 9.486924e+01 1.007626e+01 
213 1918  2.314930024240740014e+00 0 0 4.580975e+00 2.147357e+02 9.486798e+01 1.007632e+01 
214 1927  2.314930059139635787e+00 0 0 4.580966e+00 2.147355e+02 9.486803e+01 1.007631e+01 
215 1936  2.314930051976414660e+00 0 0 4.580954e+00 2.147349e+02 9.486891e+01 1.007628e+01 
216 1945  2.314929997822262830e+00 0 0 4.580975e+00 2.147357e+02 9.486810e+01 1.007632e+01 
217 1954  2.314930009419829737e+00 0 0 4.580968e+00 2.147356e+02 9.486818e+01 1.007631e+01 
218 1963  2.314929962066930358e+00 0 0 4.580973e+00 2.147357e+02 9.486818e+01 1.007632e+01 
219 1972  2.314929984112367833e+00 0 0 4.580977e+00 2.147359e+02 9.486794e+01 1.007633e+01 
220 1981  2.314929977698317209e+00 0 0 4.580970e+00 2.147357e+02 9.486820e+01 1.007632e+01 
221 1990  2.314929970818734972e+00 0 0 4.580973e+00 2.147357e+02 9.486828e+01 1.007632e+01 
222 1999  2.314929975275151985e+00 0 0 4.580969e+00 2.147356e+02 9.486834e+01 1.007631e+01 
223 2008  2.314929955545731666e+00 0 0 4.580971e+00 2.147355e+02 9.486841e+01 1.007630e+01 
224 2017  2.314929964875346080e+00 0 0 4.580974e+00 2.147357e+02 9.486817e+01 1.007632e+01 
225 2026  2.314929939421020322e+00 0 0 4.580969e+00 2.147354e+02 9.486862e+01 1.007630e+01 
226 2035  2.314929937257053094e+00 0 0 4.580974e+00 2.147357e+02 9.486829e+01 1.007631e+01 
227 2044  2.314929961715732176e+00 0 0 4.580963e+00 2.147352e+02 9.486882e+01 1.007629e+01 
228 2053  2.314929954399446821e+00 0 0 4.580965e+00 2.147354e+02 9.486859e+01 1.007630e+01 
229 2062  2.314929946333760480e+00 0 0 4.580967e+00 2.147354e+02 9.486866e+01 1.007630e+01 
230 2071  2.314929950450902219e+00 0 0 4.580970e+00 2.147357e+02 9.486834e+01 1.007631e+01 
231 2080  2.314929950008457027e+00 0 0 4.580968e+00 2.147356e+02 9.486845e+01 1.007631e+01 
232 2089  2.314929960432980938e+00 0 0 4.580972e+00 2.147357e+02 9.486823e+01 1.007632e+01 
233 2098  2.314929961919288459e+00 0 0 4.580965e+00 2.147354e+02 9.486859e+01 1.007630e+01 
234 2107  2.314929945300451042e+00 0 0 4.580969e+00 2.147355e+02 9.486846e+01 1.007631e+01 
235 2116  2.314929948205854071e+00 0 0 4.580969e+00 2.147356e+02 9.486840e+01 1.007631e+01 
236 2125  2.314929942320754108e+00 0 0 4.580967e+00 2.147355e+02 9.486857e+01 1.007630e+01 
237 2134  2.314929943588043493e+00 0 0 4.580970e+00 2.147355e+02 9.486844e+01 1.007631e+01 
238 2143  2.314929948259841108e+00 0 0 4.580969e+00 2.147356e+02 9.486843e+01 1.007631e+01 
239 2152  2.314929942356904746e+00 0 0 4.580968e+00 2.147355e+02 9.486857e+01 1.007630e+01 
240 2161  2.314929946162044505e+00 0 0 4.580967e+00 2.147354e+02 9.486864e+01 1.007630e+01 
241 2170  2.314929941852017059e+00 0 0 4.580971e+00 2.147355e+02 9.486850e+01 1.007631e+01 
242 2179  2.314929941250740253e+00 0 0 4.580969e+00 2.147354e+02 9.486853e+01 1.007630e+01 
243 2188  2.314929943424210546e+00 0 0 4.580972e+00 2.147356e+02 9.486841e+01 1.007631e+01 
244 2197  2.314929942512936822e+00 0 0 4.580971e+00 2.147355e+02 9.486845e+01 1.007631e+01 
245 2206  2.314929936352711159e+00 0 0 4.580972e+00 2.147356e+02 9.486838e+01 1.007631e+01 
246 2215  2.314929931627866200e+00 0 0 4.580972e+00 2.147355e+02 9.486848e+01 1.007631e+01 
247 2224  2.314929936068504723e+00 0 0 4.580970e+00 2.147355e+02 9.486855e+01 1.007630e+01 
248 2233  2.314929939525715241e+00 0 0 4.580970e+00 2.147355e+02 9.486854e+01 1.007630e+01 
249 2242  2.314929932088722442e+00 0 0 4.580970e+00 2.147355e+02 9.486854e+01 1.007630e+01 
250 2251  2.314929927882475535e+00 0 0 4.580971e+00 2.147355e+02 9.486853e+01 1.007630e+01 
251 2260  2.314929932822653136e+00 0 0 4.580971e+00 2.147355e+02 9.486850e+01 1.007630e+01 
252 2269  2.314929929696589284e+00 0 0 4.580970e+00 2.147355e+02 9.486856e+01 1.007630e+01 
253 2278  2.314929928306630025e+00 0 0 4.580971e+00 2.147355e+02 9.486852e+01 1.007630e+01 
254 2287  2.314929925305992953e+00 0 0 4.580970e+00 2.147355e+02 9.486857e+01 1.007630e+01 
255 2296  2.314929923909675225e+00 0 0 4.580970e+00 2.147355e+02 9.486857e+01 1.007630e+01 
256 2305  2.314929926726571274e+00 0 0 4.580971e+00 2.147355e+02 9.486854e+01 1.007630e+01 
257 2314  2.314929926094904999e+00 0 0 4.580971e+00 2.147355e+02 9.486856e+01 1.007630e+01 
258 2323  2.314929926400470350e+00 0 0 4.580971e+00 2.147355e+02 9.486855e+01 1.007630e+01 
259 2332  2.314929924370976444e+00 0 0 4.580970e+00 2.147355e+02 9.486858e+01 1.007630e+01 
260 2341  2.314929925651953990e+00 0 0 4.580970e+00 2.147355e+02 9.486859e+01 1.007630e+01 
261 2350  2.314929924254113036e+00 0 0 4.580971e+00 2.147355e+02 9.486855e+01 1.007630e+01 
262 2359  2.314929924572168840e+00 0 0 4.580970e+00 2.147355e+02 9.486856e+01 1.007630e+01 
263 2368  2.314929925402262612e+00 0 0 4.580970e+00 2.147355e+02 9.486857e+01 1.007630e+01 
264 2377  2.314929925063312854e+00 0 0 4.580970e+00 2.147355e+02 9.486857e+01 1.007630e+01 
265 2386  2.314929925067275907e+00 0 0 4.580970e+00 2.147355e+02 9.486857e+01 1.007630e+01 
266 2395  2.314929924909875592e+00 0 0 4.580970e+00 2.147355e+02 9.486857e+01 1.007630e+01 
267 2404  2.314929925108474951e+00 0 0 4.580970e+00 2.147355e+02 9.486856e+01 1.007630e+01 
268 2413  2.314929924985267728e+00 0 0 4.580970e+00 2.147355e+02 9.486856e+01 1.007630e+01 
269 2422  2.314929924247764781e+00 0 0 4.580971e+00 2.147355e+02 9.486855e+01 1.007630e+01 
270 2431  2.314929924096135405e+00 0 0 4.580970e+00 2.147355e+02 9.486856e+01 1.007630e+01 
271 2440  2.314929924224715219e+00 0 0 4.580971e+00 2.147355e+02 9.486855e+01 1.007630e+01 
272 2449  2.314929924040646902e+00 0 0 4.580971e+00 2.147355e+02 9.486855e+01 1.007630e+01 
273 2458  2.314929924247995263e+00 0 0 4.580970e+00 2.147355e+02 9.486856e+01 1.007630e+01 
274 2467  2.314929923556023894e+00 0 0 4.580971e+00 2.147355e+02 9.486855e+01 1.007630e+01 
275 2476  2.314929923544800427e+00 0 0 4.580971e+00 2.147355e+02 9.486855e+01 1.007630e+01 
276 2485  2.314929923773402898e+00 0 0 4.580970e+00 2.147355e+02 9.486856e+01 1.007630e+01 
277 2494  2.314929924541573758e+00 0 0 4.580971e+00 2.147355e+02 9.486853e+01 1.007630e+01 
278 2503  2.314929924406930351e+00 0 0 4.580971e+00 2.147355e+02 9.486854e+01 1.007630e+01 
279 2512  2.314929923974678339e+00 0 0 4.580971e+00 2.147355e+02 9.486855e+01 1.007630e+01 
280 2521  2.314929923249403831e+00 0 0 4.580970e+00 2.147355e+02 9.486857e+01 1.007630e+01 
281 2530  2.314929922997942313e+00 0 0 4.580971e+00 2.147355e+02 9.486856e+01 1.007630e+01 
282 2539  2.314929923046981752e+00 0 0 4.580970e+00 2.147355e+02 9.486856e+01 1.007630e+01 
283 2548  2.314929922851048705e+00 0 0 4.580970e+00 2.147355e+02 9.486857e+01 1.007630e+01 
284 2557  2.314929923191265893e+00 0 0 4.580970e+00 2.147355e+02 9.486857e+01 1.007630e+01 
285 2566  2.314929922566200560e+00 0 0 4.580970e+00 2.147355e+02 9.486857e+01 1.007630e+01 
286 2575  2.314929922684295427e+00 0 0 4.580970e+00 2.147355e+02 9.486857e+01 1.007630e+01 
287 2584  2.314929922522952488e+00 0 0 4.580971e+00 2.147355e+02 9.486857e+01 1.007630e+01 
288 2593  2.314929922838758092e+00 0 0 4.580970e+00 2.147355e+02 9.486857e+01 1.007630e+01 
289 2602  2.314929922622576353e+00 0 0 4.580970e+00 2.147355e+02 9.486857e+01 1.007630e+01 
290 2611  2.314929922571206777e+00 0 0 4.580970e+00 2.147355e+02 9.486857e+01 1.007630e+01 
291 2620  2.314929922668346407e+00 0 0 4.580970e+00 2.147355e+02 9.486857e+01 1.007630e+01 
292 2629  2.314929922642351645e+00 0 0 4.580970e+00 2.147355e+02 9.486857e+01 1.007630e+01 
293 2638  2.314929922478692337e+00 0 0 4.580970e+00 2.147355e+02 9.486857e+01 1.007630e+01 
294 2647  2.314929922496526515e+00 0 0 4.580970e+00 2.147355e+02 9.486857e+01 1.007630e+01 
295 2656  2.314929922601033585e+00 0 0 4.580970e+00 2.147355e+02 9.486857e+01 1.007630e+01 
296 2665  2.314929922456056222e+00 0 0 4.580970e+00 2.147355e+02 9.486857e+01 1.007630e+01 
297 2674  2.314929922494578740e+00 0 0 4.580971e+00 2.147355e+02 9.486857e+01 1.007630e+01 
298 2683  2.314929922386314676e+00 0 0 4.580971e+00 2.147355e+02 9.486857e+01 1.007630e+01 
299 2692  2.314929922381637972e+00 0 0 4.580970e+00 2.147355e+02 9.486857e+01 1.007630e+01 
300 2701  2.314929922476560264e+00 0 0 4.580970e+00 2.147355e+02 9.486857e+01 1.007630e+01 
301 2710  2.314929922479750601e+00 0 0 4.580971e+00 2.147355e+02 9.486857e+01 1.007630e+01 
302 2719  2.314929922354859393e+00 0 0 4.580971e+00 2.147355e+02 9.486857e+01 1.007630e+01 
303 2728  2.314929922360846604e+00 0 0 4.580971e+00 2.147355e+02 9.486857e+01 1.007630e+01 
304 2737  2.314929922376301352e+00 0 0 4.580970e+00 2.147355e+02 9.486857e+01 1.007630e+01 
305 2746  2.314929922365116521e+00 0 0 4.580971e+00 2.147355e+02 9.486857e+01 1.007630e+01 
306 2755  2.314929922335201340e+00 0 0 4.580971e+00 2.147355e+02 9.486857e+01 1.007630e+01 
307 2764  2.314929922366371073e+00 0 0 4.580971e+00 2.147355e+02 9.486857e+01 1.007630e+01 
308 2773  2.314929922382726879e+00 0 0 4.580971e+00 2.147355e+02 9.486857e+01 1.007630e+01 
309 2782  2.314929922364110215e+00 0 0 4.580971e+00 2.147355e+02 9.486857e+01 1.007630e+01 
310 2791  2.314929922353690106e+00 0 0 4.580971e+00 2.147355e+02 9.486857e+01 1.007630e+01 
311 2800  2.314929922344121760e+00 0 0 4.580971e+00 2.147355e+02 9.486857e+01 1.007630e+01 
312 2809  2.314929922341893320e+00 0 0 4.580971e+00 2.147355e+02 9.486857e+01 1.007630e+01 
313 2818  2.314929922333017309e+00 0 0 4.580971e+00 2.147355e+02 9.486857e+01 1.007630e+01 
314 2827  2.314929922337352952e+00 0 0 4.580971e+00 2.147355e+02 9.486857e+01 1.007630e+01 
315 2836  2.314929922329368228e+00 0 0 4.580971e+00 2.147355e+02 9.486857e+01 1.007630e+01 
316 2845  2.314929922315311916e+00 0 0 4.580971e+00 2.147355e+02 9.486857e+01 1.007630e+01 
317 2854  2.314929922312602528e+00 0 0 4.580971e+00 2.147355e+02 9.486857e+01 1.007630e+01 
318 2863  2.314929922311391053e+00 0 0 4.580971e+00 2.147355e+02 9.486857e+01 1.007630e+01 
319 2872  2.314929922316144584e+00 0 0 4.580971e+00 2.147355e+02 9.486857e+01 1.007630e+01 
320 2881  2.314929922316418143e+00 0 0 4.580971e+00 2.147355e+02 9.486857e+01 1.007630e+01 
321 2890  2.314929922310269728e+00 0 0 4.580971e+00 2.147355e+02 9.486857e+01 1.007630e+01 
322 2899  2.314929922307387145e+00 0 0 4.580971e+00 2.147355e+02 9.486857e+01 1.007630e+01 
323 2908  2.314929922303345933e+00 0 0 4.580971e+00 2.147355e+02 9.486857e+01 1.007630e+01 
324 2917  2.314929922309032495e+00 0 0 4.580971e+00 2.147355e+02 9.486857e+01 1.007630e+01 
325 2926  2.314929922305482890e+00 0 0 4.580971e+00 2.147355e+02 9.486857e+01 1.007630e+01 
326 2935  2.314929922312779720e+00 0 0 4.580971e+00 2.147355e+02 9.486857e+01 1.007630e+01 
327 2944  2.314929922311482535e+00 0 0 4.580971e+00 2.147355e+02 9.486857e+01 1.007630e+01 
328 2953  2.314929922307024324e+00 0 0 4.580971e+00 2.147355e+02 9.486857e+01 1.007630e+01 
329 2962  2.314929922306602883e+00 0 0 4.580971e+00 2.147355e+02 9.486857e+01 1.007630e+01 
330 2971  2.314929922304905574e+00 0 0 4.580971e+00 2.147355e+02 9.486857e+01 1.007630e+01 
331 2980  2.314929922303813559e+00 0 0 4.580971e+00 2.147355e+02 9.486857e+01 1.007630e+01 
332 2989  2.314929922303262000e+00 0 0 4.580971e+00 2.147355e+02 9.486857e+01 1.007630e+01 
333 2998  2.314929922303401888e+00 0 0 4.580971e+00 2.147355e+02 9.486857e+01 1.007630e+01 
334 3007  2.314929922300785314e+00 0 0 4.580971e+00 2.147355e+02 9.486857e+01 1.007630e+01 
335 3016  2.314929922302114473e+00 0 0 4.580971e+00 2.147355e+02 9.486857e+01 1.007630e+01 
336 3025  2.314929922301364851e+00 0 0 4.580971e+00 2.147355e+02 9.486857e+01 1.007630e+01 
337 3034  2.314929922301307563e+00 0 0 4.580971e+00 2.147355e+02 9.486857e+01 1.007630e+01 
338 3043  2.314929922301786291e+00 0 0 4.580971e+00 2.147355e+02 9.486857e+01 1.007630e+01 
339 3052  2.314929922301042886e+00 0 0 4.580971e+00 2.147355e+02 9.486857e+01 1.007630e+01 
340 3061  2.314929922298818887e+00 0 0 4.580971e+00 2.147355e+02 9.486857e+01 1.007630e+01 
341 3070  2.314929922299714615e+00 0 0 4.580971e+00 2.147355e+02 9.486857e+01 1.007630e+01 
342 3079  2.314929922299485021e+00 0 0 4.580971e+00 2.147355e+02 9.486857e+01 1.007630e+01 
343 3088  2.314929922300707599e+00 0 0 4.580971e+00 2.147355e+02 9.486857e+01 1.007630e+01 
344 3097  2.314929922301548260e+00 0 0 4.580971e+00 2.147355e+02 9.486857e+01 1.007630e+01 
345 3106  2.314929922301336429e+00 0 0 4.580971e+00 2.147355e+02 9.486857e+01 1.007630e+01 
346 3115  2.314929922300200893e+00 0 0 4.580971e+00 2.147355e+02 9.486857e+01 1.007630e+01 
347 3124  2.314929922299300280e+00 0 0 4.580971e+00 2.147355e+02 9.486857e+01 1.007630e+01 
348 3133  2.314929922297686016e+00 0 0 4.580971e+00 2.147355e+02 9.486857e+01 1.007630e+01 
349 3142  2.314929922297119358e+00 0 0 4.580971e+00 2.147355e+02 9.486857e+01 1.007630e+01 
350 3151  2.314929922298429865e+00 0 0 4.580971e+00 2.147355e+02 9.486857e+01 1.007630e+01 
351 3160  2.314929922297788156e+00 0 0 4.580971e+00 2.147355e+02 9.486857e+01 1.007630e+01 
352 3169  2.314929922297852105e+00 0 0 4.580971e+00 2.147355e+02 9.486857e+01 1.007630e+01 
353 3178  2.314929922297329412e+00 0 0 4.580971e+00 2.147355e+02 9.486857e+01 1.007630e+01 
354 3187  2.314929922297531473e+00 0 0 4.580971e+00 2.147355e+02 9.486857e+01 1.007630e+01 
355 3196  2.314929922297403131e+00 0 0 4.580971e+00 2.147355e+02 9.486857e+01 1.007630e+01 
356 3205  2.314929922297195741e+00 0 0 4.580971e+00 2.147355e+02 9.486857e+01 1.007630e+01 
357 3214  2.314929922296462994e+00 0 0 4.580971e+00 2.147355e+02 9.486857e+01 1.007630e+01 
358 3223  2.314929922296954157e+00 0 0 4.580971e+00 2.147355e+02 9.486857e+01 1.007630e+01 
359 3232  2.314929922296925291e+00 0 0 4.580971e+00 2.147355e+02 9.486857e+01 1.007630e+01 
360 3241  2.314929922296591336e+00 0 0 4.580971e+00 2.147355e+02 9.486857e+01 1.007630e+01 
361 3250  2.314929922296472764e+00 0 0 4.580971e+00 2.147355e+02 9.486857e+01 1.007630e+01 
362 3259  2.314929922296564246e+00 0 0 4.580971e+00 2.147355e+02 9.486857e+01 1.007630e+01 
363 3268  2.314929922296010467e+00 0 0 4.580971e+00 2.147355e+02 9.486857e+01 1.007630e+01 
364 3277  2.314929922295979825e+00 0 0 4.580971e+00 2.147355e+02 9.486857e+01 1.007630e+01 
365 3286  2.314929922296248499e+00 0 0 4.580971e+00 2.147355e+02 9.486857e+01 1.007630e+01 
366 3295  2.314929922296187215e+00 0 0 4.580971e+00 2.147355e+02 9.486857e+01 1.007630e+01 
367 3304  2.314929922296177445e+00 0 0 4.580971e+00 2.147355e+02 9.486857e+01 1.007630e+01 
368 3313  2.314929922296188547e+00 0 0 4.580971e+00 2.147355e+02 9.486857e+01 1.007630e+01 
369 3322  2.314929922296045994e+00 0 0 4.580971e+00 2.147355e+02 9.486857e+01 1.007630e+01 
370 3331  2.314929922295832831e+00 0 0 4.580971e+00 2.147355e+02 9.486857e+01 1.007630e+01 
371 3340  2.314929922295826614e+00 0 0 4.580971e+00 2.147355e+02 9.486857e+01 1.007630e+01 
372 3349  2.314929922295794640e+00 0 0 4.580971e+00 2.147355e+02 9.486857e+01 1.007630e+01 
373 3358  2.314929922295862141e+00 0 0 4.580971e+00 2.147355e+02 9.486857e+01 1.007630e+01 
374 3367  2.314929922295863918e+00 0 0 4.580971e+00 2.147355e+02 9.486857e+01 1.007630e+01 
375 3376  2.314929922295817732e+00 0 0 4.580971e+00 2.147355e+02 9.486857e+01 1.007630e+01 
376 3385  2.314929922295795528e+00 0 0 4.580971e+00 2.147355e+02 9.486857e+01 1.007630e+01 
377 3394  2.314929922295737796e+00 0 0 4.580971e+00 2.147355e+02 9.486857e+01 1.007630e+01 
378 3403  2.314929922295693832e+00 0 0 4.580971e+00 2.147355e+02 9.486857e+01 1.007630e+01 
379 3412  2.314929922295673848e+00 0 0 4.580971e+00 2.147355e+02 9.486857e+01 1.007630e+01 
380 3421  2.314929922295641429e+00 0 0 4.580971e+00 2.147355e+02 9.486857e+01 1.007630e+01 
381 3430  2.314929922295693387e+00 0 0 4.580971e+00 2.147355e+02 9.486857e+01 1.007630e+01 
382 3439  2.314929922295693832e+00 0 0 4.580971e+00 2.147355e+02 9.486857e+01 1.007630e+01 
1 3458  4.941008553607410647e+00 0 0 -6.980766e-01 1.955613e+02 9.574770e+01 1.406858e+01 
2 3475  3.465233598750340427e+00 0 0 8.995793e-01 2.229853e+02 9.791631e+01 8.639672e+00 
3 3492  2.356289697749206713e+00 0 0 4.188164e+00 2.232481e+02 8.234906e+01 9.911535e+00 
4 3509  2.822940582750363969e+00 0 0 3.336188e+00 2.112515e+02 8.041824e+01 1.094630e+01 
5 3526  2.786518830066925467e+00 0 0 5.443508e+00 2.179067e+02 1.113644e+02 7.180067e+00 
6 3543  2.886984984166866219e+00 0 0 4.030218e+00 2.449467e+02 7.087390e+01 7.677369e+00 
7 3560  2.451204719215010819e+00 0 0 3.932262e+00 2.096309e+02 1.040682e+02 8.489175e+00 
8 3577  2.434061836898091080e+00 0 0 6.592971e+00 2.085699e+02 7.574795e+01 6.179535e+00 
9 3594  2.436735981954388564e+00 0 0 4.635618e+00 2.045324e+02 8.384515e+01 7.353368e+00 
10 3611  2.422003878913983499e+00 0 0 3.930570e+00 2.174849e+02 9.463894e+01 8.393030e+00 
11 3628  2.395846541590038736e+00 0 0 4.335967e+00 2.211219e+02 7.413796e+01 6.375728e+00 
12 3645  2.360058081898179339e+00 0 0 4.379987e+00 2.134592e+02 8.247831e+01 7.820052e+00 
13 3662  2.458138601940506263e+00 0 0 3.578560e+00 2.132295e+02 8.959013e+01 7.537218e+00 
14 3679  2.374390280627028282e+00 0 0 4.025475e+00 2.198167e+02 7.959578e+01 7.269495e+00 
15 3696  2.354353149497946163e+00 0 0 4.492292e+00 2.108190e+02 8.756079e+01 8.089957e+00 
16 3713  2.368934047915628671e+00 0 0 4.492928e+00 2.131888e+02 8.183070e+01 7.340927e+00 
17 3730  2.361719363788406412e+00 0 0 4.593181e+00 2.181023e+02 7.885221e+01 7.912700e+00 
18 3747  2.359254273609006525e+00 0 0 4.586619e+00 2.150726e+02 8.499632e+01 7.719621e+00 
19 3764  2.349529402587374527e+00 0 0 4.706432e+00 2.120849e+02 8.876016e+01 8.635248e+00 
20 3781  2.348090233235613944e+00 0 0 4.091224e+00 2.151611e+02 8.994625e+01 8.294669e+00 
21 3798  2.345136318828382471e+00 0 0 4.673573e+00 2.197301e+02 8.632815e+01 8.832334e+00 
22 3815  2.331909089696429849e+00 0 0 4.368195e+00 2.118524e+02 8.732853e+01 9.452108e+00 
23 3832  2.343855917342620554e+00 0 0 4.024204e+00 2.154937e+02 9.030541e+01 8.546470e+00 
24 3849  2.346105883292119110e+00 0 0 4.105677e+00 2.171575e+02 8.795168e+01 8.560713e+00 
25 3866  2.337936736422397743e+00 0 0 4.515350e+00 2.203827e+02 8.536465e+01 9.188717e+00 
26 3883  2.336939332728170449e+00 0 0 4.486131e+00 2.136115e+02 8.708730e+01 9.035608e+00 
27 3900  2.328999135692199296e+00 0 0 4.068394e+00 2.145830e+02 8.989961e+01 9.391773e+00 
28 3917  2.330829974608946920e+00 0 0 4.404837e+00 2.108061e+02 9.214973e+01 9.299615e+00 
29 3934  2.326654489481450927e+00 0 0 4.282449e+00 2.157814e+02 9.045158e+01 9.567464e+00 
30 3951  2.319467609679984665e+00 0 0 4.426505e+00 2.141926e+02 9.190499e+01 9.923359e+00 
31 3968  2.320751358143837706e+00 0 0 4.217651e+00 2.147808e+02 9.070777e+01 9.893030e+00 
32 3985  2.319807635508906341e+00 0 0 4.496277e+00 2.122313e+02 9.286562e+01 9.896712e+00 
33 4002  2.319360804631894091e+00 0 0 4.172429e+00 2.149697e+02 9.311075e+01 1.022384e+01 
34 4019  2.318525072929884523e+00 0 0 4.281855e+00 2.149223e+02 9.170970e+01 1.003374e+01 
35 4036  2.316082744982193464e+00 0 0 4.160776e+00 2.153123e+02 9.407194e+01 1.011781e+01 
36 4053  2.316391479901413142e+00 0 0 4.360255e+00 2.154502e+02 9.439042e+01 1.022008e+01 
37 4070  2.316268316082877199e+00 0 0 4.365253e+00 2.156024e+02 9.366383e+01 1.010866e+01 
38 4087  2.316082169842680116e+00 0 0 4.441136e+00 2.143142e+02 9.556705e+01 1.017548e+01 
39 4104  2.315952721835078165e+00 0 0 4.326704e+00 2.140713e+02 9.527041e+01 1.009340e+01 
40 4121  2.316262589019263629e+00 0 0 4.512181e+00 2.140270e+02 9.588224e+01 1.022719e+01 
41 4138  2.315565894354673748e+00 0 0 4.541267e+00 2.153976e+02 9.410603e+01 1.018392e+01 
42 4155  2.315383997490361168e+00 0 0 4.510664e+00 2.155164e+02 9.403768e+01 1.012670e+01 
43 4172  2.315607816461030311e+00 0 0 4.584976e+00 2.158757e+02 9.311231e+01 1.012177e+01 
44 4189  2.315708778950310354e+00 0 0 4.427682e+00 2.146893e+02 9.455992e+01 1.010917e+01 
45 4206  2.315442889437205665e+00 0 0 4.534213e+00 2.155746e+02 9.365973e+01 1.015952e+01 
46 4223  2.315434059895372876e+00 0 0 4.504363e+00 2.149803e+02 9.429585e+01 1.011505e+01 
47 4240  2.315429071510228809e+00 0 0 4.561643e+00 2.144477e+02 9.496695e+01 1.013254e+01 
48 4257  2.315024968573043296e+00 0 0 4.590301e+00 2.153723e+02 9.373176e+01 1.012232e+01 
49 4274  2.315494324409757887e+00 0 0 4.542988e+00 2.145407e+02 9.524203e+01 1.014132e+01 
50 4291  2.315381012849712761e+00 0 0 4.500247e+00 2.151756e+02 9.438555e+01 1.011068e+01 
51 4308  2.315276512034777578e+00 0 0 4.522798e+00 2.149283e+02 9.432744e+01 1.009670e+01 
52 4325  2.315090564311080179e+00 0 0 4.576341e+00 2.151503e+02 9.430610e+01 1.009789e+01 
53 4342  2.315165253696572112e+00 0 0 4.585520e+00 2.152898e+02 9.372293e+01 1.014029e+01 
54 4359  2.315178767923594449e+00 0 0 4.569967e+00 2.141917e+02 9.510724e+01 1.007043e+01 
55 4376  2.315128754825571900e+00 0 0 4.585579e+00 2.150692e+02 9.401214e+01 1.012354e+01 
56 4393  2.315056493521070458e+00 0 0 4.562912e+00 2.147809e+02 9.462917e+01 1.008288e+01 
57 4410  2.315268473575540664e+00 0 0 4.551974e+00 2.145597e+02 9.459890e+01 1.009700e+01 
58 4427  2.315094115071421488e+00 0 0 4.566784e+00 2.149146e+02 9.442355e+01 1.008989e+01 
59 4444  2.315100821353734073e+00 0 0 4.576777e+00 2.147580e+02 9.441915e+01 1.009659e+01 
60 4461  2.315041007013351582e+00 0 0 4.569596e+00 2.147915e+02 9.457158e+01 1.008427e+01 
61 4478  2.315059388584084665e+00 0 0 4.582151e+00 2.146785e+02 9.484771e+01 1.007265e+01 
62 4495  2.315021052417201020e+00 0 0 4.580232e+00 2.148544e+02 9.461235e+01 1.008271e+01 
63 4512  2.315013184885815534e+00 0 0 4.572786e+00 2.149079e+02 9.464610e+01 1.009095e+01 
64 4529  2.315014004721235086e+00 0 0 4.571392e+00 2.148051e+02 9.473429e+01 1.008547e+01 
65 4546  2.314976149106638736e+00 0 0 4.578683e+00 2.146904e+02 9.474799e+01 1.007736e+01 
66 4563  2.315028499388391392e+00 0 0 4.579498e+00 2.146517e+02 9.476707e+01 1.008525e+01 
67 4580  2.314978553084213964e+00 0 0 4.574291e+00 2.146210e+02 9.489658e+01 1.007190e+01 
68 4597  2.314968950568288442e+00 0 0 4.579831e+00 2.146703e+02 9.478827e+01 1.007646e+01 
69 4614  2.314965501906370626e+00 0 0 4.577353e+00 2.146247e+02 9.489060e+01 1.007189e+01 
70 4631  2.314964285254365706e+00 0 0 4.580730e+00 2.147395e+02 9.474699e+01 1.007858e+01 
71 4648  2.314954583305681712e+00 0 0 4.580220e+00 2.147241e+02 9.478800e+01 1.007781e+01 
72 4665  2.314966689010397705e+00 0 0 4.577118e+00 2.146552e+02 9.486651e+01 1.007331e+01 
73 4682  2.314943723419609078e+00 0 0 4.580269e+00 2.147269e+02 9.486384e+01 1.007760e+01 
74 4699  2.314949315326475077e+00 0 0 4.579362e+00 2.147266e+02 9.482180e+01 1.007699e+01 
75 4716  2.314964902293371818e+00 0 0 4.580558e+00 2.147681e+02 9.481807e+01 1.007682e+01 
76 4733  2.314954231373099969e+00 0 0 4.579485e+00 2.147847e+02 9.476033e+01 1.008047e+01 
77 4750  2.314952801443076247e+00 0 0 4.580997e+00 2.147781e+02 9.476715e+01 1.007948e+01 
78 4767  2.314950558644405909e+00 0 0 4.580719e+00 2.147932e+02 9.477768e+01 1.007972e+01 
79 4784  2.314943195394082665e+00 0 0 4.580287e+00 2.147641e+02 9.482361e+01 1.007906e+01 
80 4801  2.314944584307894182e+00 0 0 4.579204e+00 2.147109e+02 9.486953e+01 1.007528e+01 
81 4818  2.314936008534573375e+00 0 0 4.580485e+00 2.147418e+02 9.485759e+01 1.007660e+01 
82 4835  2.314937806504049789e+00 0 0 4.580074e+00 2.147041e+02 9.489832e+01 1.007515e+01 
83 4852  2.314938594959667473e+00 0 0 4.580918e+00 2.147820e+02 9.479977e+01 1.007940e+01 
84 4869  2.314940395646116311e+00 0 0 4.580587e+00 2.147589e+02 9.481366e+01 1.007827e+01 
85 4886  2.314935845783840040e+00 0 0 4.580079e+00 2.147073e+02 9.489500e+01 1.007498e+01 
86 4903  2.314932748849522604e+00 0 0 4.580446e+00 2.147011e+02 9.490827e+01 1.007441e+01 
87 4920  2.314937589524157957e+00 0 0 4.580870e+00 2.147524e+02 9.483611e+01 1.007804e+01 
88 4937  2.314933488712390464e+00 0 0 4.580621e+00 2.147382e+02 9.486607e+01 1.007678e+01 
89 4954  2.314934731912885013e+00 0 0 4.580645e+00 2.147466e+02 9.485285e+01 1.007730e+01 
90 4971  2.314932633627421854e+00 0 0 4.580844e+00 2.147325e+02 9.486471e+01 1.007642e+01 
91 4988  2.314933269080511558e+00 0 0 4.580504e+00 2.147428e+02 9.485916e+01 1.007674e+01 
92 5005  2.314933430131035141e+00 0 0 4.580612e+00 2.147268e+02 9.487459e+01 1.007612e+01 
93 5022  2.314931250531210516e+00 0 0 4.580820e+00 2.147267e+02 9.487676e+01 1.007580e+01 
94 5039  2.314932996094192230e+00 0 0 4.580759e+00 2.147278e+02 9.487331e+01 1.007622e+01 
95 5056  2.314931895331478806e+00 0 0 4.580999e+00 2.147370e+02 9.486007e+01 1.007655e+01 
96 5073  2.314931825780540020e+00 0 0 4.580800e+00 2.147300e+02 9.486961e+01 1.007615e+01 
97 5090  2.314931004369938261e+00 0 0 4.580960e+00 2.147364e+02 9.486415e+01 1.007641e+01 
98 5107  2.314931418030771404e+00 0 0 4.580874e+00 2.147274e+02 9.487667e+01 1.007585e+01 
99 5124  2.314931050748389119e+00 0 0 4.580989e+00 2.147380e+02 9.486491e+01 1.007661e+01 
100 5141  2.314930731188235669e+00 0 0 4.580851e+00 2.147323e+02 9.487056e+01 1.007615e+01 
101 5158  2.314930416705393235e+00 0 0 4.580955e+00 2.147381e+02 9.486540e+01 1.007645e+01 
102 5175  2.314930400759261708e+00 0 0 4.580936e+00 2.147342e+02 9.486882e+01 1.007628e+01 
103 5192  2.314930729400020315e+00 0 0 4.580867e+00 2.147341e+02 9.486864e+01 1.007627e+01 
104 5209  2.314930399653054582e+00 0 0 4.580942e+00 2.147346e+02 9.486881e+01 1.007625e+01 
105 5226  2.314930149755694888e+00 0 0 4.580959e+00 2.147352e+02 9.486842e+01 1.007631e+01 
106 5243  2.314930095720832526e+00 0 0 4.580989e+00 2.147368e+02 9.486655e+01 1.007639e+01 
107 5260  2.314930391613277294e+00 0 0 4.580993e+00 2.147389e+02 9.486409e+01 1.007653e+01 
108 5277  2.314930255983439267e+00 0 0 4.580918e+00 2.147358e+02 9.486806e+01 1.007633e+01 
109 5294  2.314930169355084111e+00 0 0 4.580930e+00 2.147340e+02 9.487025e+01 1.007623e+01 
110 5311  2.314930288711408490e+00 0 0 4.580917e+00 2.147354e+02 9.486820e+01 1.007631e+01 
111 5328  2.314930139914000762e+00 0 0 4.580941e+00 2.147348e+02 9.486891e+01 1.007628e+01 
112 5345  2.314930124734079442e+00 0 0 4.580931e+00 2.147343e+02 9.486989e+01 1.007624e+01 
113 5362  2.314930054876764398e+00 0 0 4.580950e+00 2.147342e+02 9.486993e+01 1.007624e+01 
114 5379  2.314930111881662533e+00 0 0 4.580966e+00 2.147358e+02 9.486786e+01 1.007634e+01 
115 5396  2.314930046267507979e+00 0 0 4.580968e+00 2.147363e+02 9.486754e+01 1.007635e+01 
116 5413  2.314930027180126970e+00 0 0 4.580958e+00 2.147352e+02 9.486882e+01 1.007628e+01 
117 5430  2.314929988948838613e+00 0 0 4.580970e+00 2.147355e+02 9.486838e+01 1.007631e+01 
118 5447  2.314930000107921160e+00 0 0 4.580982e+00 2.147363e+02 9.486766e+01 1.007635e+01 
119 5464  2.314929980158028311e+00 0 0 4.580962e+00 2.147354e+02 9.486860e+01 1.007630e+01 
120 5481  2.314929994116995626e+00 0 0 4.580958e+00 2.147353e+02 9.486868e+01 1.007629e+01 
121 5498  2.314929980115443264e+00 0 0 4.580960e+00 2.147352e+02 9.486887e+01 1.007628e+01 
122 5515  2.314929997250552596e+00 0 0 4.580957e+00 2.147352e+02 9.486887e+01 1.007629e+01 
123 5532  2.314929994706949490e+00 0 0 4.580964e+00 2.147353e+02 9.486868e+01 1.007630e+01 
124 5549  2.314929954855813321e+00 0 0 4.580965e+00 2.147351e+02 9.486895e+01 1.007628e+01 
125 5566  2.314929963460191864e+00 0 0 4.580970e+00 2.147355e+02 9.486836e+01 1.007631e+01 
126 5583  2.314929978201607508e+00 0 0 4.580966e+00 2.147354e+02 9.486852e+01 1.007630e+01 
127 5600  2.314929943469104856e+00 0 0 4.580966e+00 2.147353e+02 9.486879e+01 1.007629e+01 
128 5617  2.314929960958835409e+00 0 0 4.580976e+00 2.147360e+02 9.486793e+01 1.007633e+01 
129 5634  2.314929954865435846e+00 0 0 4.580966e+00 2.147355e+02 9.486858e+01 1.007630e+01 
130 5651  2.314929927391419007e+00 0 0 4.580971e+00 2.147355e+02 9.486850e+01 1.007630e+01 
131 5668  2.314929941731946439e+00 0 0 4.580971e+00 2.147356e+02 9.486839e+01 1.007631e+01 
132 5685  2.314929951610831260e+00 0 0 4.580967e+00 2.147354e+02 9.486862e+01 1.007630e+01 
133 5702  2.314929938017847633e+00 0 0 4.580968e+00 2.147354e+02 9.486858e+01 1.007630e+01 
134 5719  2.314929937276171579e+00 0 0 4.580970e+00 2.147356e+02 9.486846e+01 1.007631e+01 
135 5736  2.314929930388857304e+00 0 0 4.580971e+00 2.147356e+02 9.486847e+01 1.007631e+01 
136 5753  2.314929926164627005e+00 0 0 4.580970e+00 2.147355e+02 9.486857e+01 1.007630e+01 
137 5770  2.314929928405206727e+00 0 0 4.580970e+00 2.147355e+02 9.486856e+01 1.007630e+01 
138 5787  2.314929930110920520e+00 0 0 4.580972e+00 2.147356e+02 9.486845e+01 1.007631e+01 
139 5804  2.314929926696971396e+00 0 0 4.580970e+00 2.147355e+02 9.486858e+01 1.007630e+01 
140 5821  2.314929927308797541e+00 0 0 4.580971e+00 2.147355e+02 9.486853e+01 1.007630e+01 
141 5838  2.314929926315932640e+00 0 0 4.580970e+00 2.147355e+02 9.486856e+01 1.007630e+01 
142 5855  2.314929926092359480e+00 0 0 4.580970e+00 2.147355e+02 9.486857e+01 1.007630e+01 
143 5872  2.314929927117489683e+00 0 0 4.580970e+00 2.147355e+02 9.486858e+01 1.007630e+01 
144 5889  2.314929925467739569e+00 0 0 4.580971e+00 2.147355e+02 9.486854e+01 1.007630e+01 
145 5906  2.314929925032508606e+00 0 0 4.580970e+00 2.147355e+02 9.486856e+01 1.007630e+01 
146 5923  2.314929923898210617e+00 0 0 4.580971e+00 2.147355e+02 9.486855e+01 1.007630e+01 
147 5940  2.314929924420834784e+00 0 0 4.580970e+00 2.147355e+02 9.486858e+01 1.007630e+01 
148 5957  2.314929923850861382e+00 0 0 4.580970e+00 2.147355e+02 9.486857e+01 1.007630e+01 
149 5974  2.314929923308583604e+00 0 0 4.580970e+00 2.147355e+02 9.486856e+01 1.007630e+01 
150 5991  2.314929923231179298e+00 0 0 4.580970e+00 2.147355e+02 9.486857e+01 1.007630e+01 
151 6008  2.314929923414543289e+00 0 0 4.580970e+00 2.147355e+02 9.486857e+01 1.007630e+01 
152 6025  2.314929922872085211e+00 0 0 4.580971e+00 2.147355e+02 9.486856e+01 1.007630e+01 
153 6042  2.314929922883566693e+00 0 0 4.580970e+00 2.147355e+02 9.486857e+01 1.007630e+01 
154 6059  2.314929923160292002e+00 0 0 4.580971e+00 2.147355e+02 9.486856e+01 1.007630e+01 
155 6076  2.314929922908505411e+00 0 0 4.580970e+00 2.147355e+02 9.486857e+01 1.007630e+01 
156 6093  2.314929922922044803e+00 0 0 4.580970e+00 2.147355e+02 9.486857e+01 1.007630e+01 
157 6110  2.314929922575760468e+00 0 0 4.580970e+00 2.147355e+02 9.486857e+01 1.007630e+01 
158 6127  2.314929922676133511e+00 0 0 4.580970e+00 2.147355e+02 9.486857e+01 1.007630e+01 
159 6144  2.314929922538965901e+00 0 0 4.580970e+00 2.147355e+02 9.486857e+01 1.007630e+01 
160 6161  2.314929922566459020e+00 0 0 4.580971e+00 2.147355e+02 9.486857e+01 1.007630e+01 
161 6178  2.314929922551892449e+00 0 0 4.580970e+00 2.147355e+02 9.486857e+01 1.007630e+01 
162 6195  2.314929922486730796e+00 0 0 4.580971e+00 2.147355e+02 9.486857e+01 1.007630e+01 
163 6212  2.314929922471308021e+00 0 0 4.580971e+00 2.147355e+02 9.486857e+01 1.007630e+01 
164 6229  2.314929922455882583e+00 0 0 4.580971e+00 2.147355e+02 9.486856e+01 1.007630e+01 
165 6246  2.314929922423038633e+00 0 0 4.580971e+00 2.147355e+02 9.486857e+01 1.007630e+01 
166 6263  2.314929922386093519e+00 0 0 4.580971e+00 2.147355e+02 9.486857e+01 1.007630e+01 
167 6280  2.314929922419833197e+00 0 0 4.580971e+00 2.147355e+02 9.486857e+01 1.007630e+01 
168 6297  2.314929922403224261e+00 0 0 4.580971e+00 2.147355e+02 9.486857e+01 1.007630e+01 
169 6314  2.314929922352244152e+00 0 0 4.580971e+00 2.147355e+02 9.486857e+01 1.007630e+01 
170 6331  2.314929922342819246e+00 0 0 4.580971e+00 2.147355e+02 9.486857e+01 1.007630e+01 
171 6348  2.314929922356155245e+00 0 0 4.580971e+00 2.147355e+02 9.486857e+01 1.007630e+01 
172 6365  2.314929922329536094e+00 0 0 4.580971e+00 2.147355e+02 9.486857e+01 1.007630e+01 
173 6382  2.314929922316301347e+00 0 0 4.580971e+00 2.147355e+02 9.486857e+01 1.007630e+01 
174 6399  2.314929922321347533e+00 0 0 4.580971e+00 2.147355e+02 9.486857e+01 1.007630e+01 
175 6416  2.314929922321415035e+00 0 0 4.580971e+00 2.147355e+02 9.486857e+01 1.007630e+01 
176 6433  2.314929922315192456e+00 0 0 4.580971e+00 2.147355e+02 9.486857e+01 1.007630e+01 
177 6450  2.314929922305076104e+00 0 0 4.580971e+00 2.147355e+02 9.486857e+01 1.007630e+01 
178 6467  2.314929922305429599e+00 0 0 4.580971e+00 2.147355e+02 9.486857e+01 1.007630e+01 
179 6484  2.314929922311907085e+00 0 0 4.580971e+00 2.147355e+02 9.486857e+01 1.007630e+01 
180 6501  2.314929922306802723e+00 0 0 4.580971e+00 2.147355e+02 9.486857e+01 1.007630e+01 
181 6518  2.314929922314962418e+00 0 0 4.580971e+00 2.147355e+02 9.486857e+01 1.007630e+01 
182 6535  2.314929922308540888e+00 0 0 4.580971e+00 2.147355e+02 9.486857e+01 1.007630e+01 
183 6552  2.314929922307493726e+00 0 0 4.580971e+00 2.147355e+02 9.486857e+01 1.007630e+01 
184 6569  2.314929922309022725e+00 0 0 4.580971e+00 2.147355e+02 9.486857e+01 1.007630e+01 
185 6586  2.314929922300873244e+00 0 0 4.580971e+00 2.147355e+02 9.486857e+01 1.007630e+01 
186 6603  2.314929922307170429e+00 0 0 4.580971e+00 2.147355e+02 9.486857e+01 1.007630e+01 
187 6620  2.314929922302430221e+00 0 0 4.580971e+00 2.147355e+02 9.486857e+01 1.007630e+01 
188 6637  2.314929922301472320e+00 0 0 4.580971e+00 2.147355e+02 9.486857e+01 1.007630e+01 
189 6654  2.314929922299714171e+00 0 0 4.580971e+00 2.147355e+02 9.486857e+01 1.007630e+01 
190 6671  2.314929922300390075e+00 0 0 4.580971e+00 2.147355e+02 9.486857e+01 1.007630e+01 
191 6688  2.314929922302008336e+00 0 0 4.580971e+00 2.147355e+02 9.486857e+01 1.007630e+01 
192 6705  2.314929922299324261e+00 0 0 4.580971e+00 2.147355e+02 9.486857e+01 1.007630e+01 
193 6722  2.314929922298010201e+00 0 0 4.580971e+00 2.147355e+02 9.486857e+01 1.007630e+01 
194 6739  2.314929922298444964e+00 0 0 4.580971e+00 2.147355e+02 9.486857e+01 1.007630e+01 
195 6756  2.314929922297389808e+00 0 0 4.580971e+00 2.147355e+02 9.486857e+01 1.007630e+01 
196 6773  2.314929922297659814e+00 0 0 4.580971e+00 2.147355e+02 9.486857e+01 1.007630e+01 
197 6790  2.314929922298048837e+00 0 0 4.580971e+00 2.147355e+02 9.486857e+01 1.007630e+01 
198 6807  2.314929922298236686e+00 0 0 4.580971e+00 2.147355e+02 9.486857e+01 1.007630e+01 
199 6824  2.314929922297371157e+00 0 0 4.580971e+00 2.147355e+02 9.486857e+01 1.007630e+01 
200 6841  2.314929922297218390e+00 0 0 4.580971e+00 2.147355e+02 9.486857e+01 1.007630e+01 
201 6858  2.314929922298655018e+00 0 0 4.580971e+00 2.147355e+02 9.486857e+01 1.007630e+01 
202 6875  2.314929922297125131e+00 0 0 4.580971e+00 2.147355e+02 9.486857e+01 1.007630e+01 
203 6892  2.314929922297035425e+00 0 0 4.580971e+00 2.147355e+02 9.486857e+01 1.007630e+01 
204 6909  2.314929922296776965e+00 0 0 4.580971e+00 2.147355e+02 9.486857e+01 1.007630e+01 
205 6926  2.314929922297105147e+00 0 0 4.580971e+00 2.147355e+02 9.486857e+01 1.007630e+01 
206 6943  2.314929922296528275e+00 0 0 4.580971e+00 2.147355e+02 9.486857e+01 1.007630e+01 
207 6960  2.314929922296504294e+00 0 0 4.580971e+00 2.147355e+02 9.486857e+01 1.007630e+01 
208 6977  2.314929922296339981e+00 0 0 4.580971e+00 2.147355e+02 9.486857e+01 1.007630e+01 
209 6994  2.314929922296463438e+00 0 0 4.580971e+00 2.147355e+02 9.486857e+01 1.007630e+01 
210 7011  2.314929922296426135e+00 0 0 4.580971e+00 2.147355e+02 9.486857e+01 1.007630e+01 
211 7028  2.314929922296192544e+00 0 0 4.580971e+00 2.147355e+02 9.486857e+01 1.007630e+01 
212 7045  2.314929922296041997e+00 0 0 4.580971e+00 2.147355e+02 9.486857e+01 1.007630e+01 
213 7062  2.314929922295698717e+00 0 0 4.580971e+00 2.147355e+02 9.486857e+01 1.007630e+01 
214 7079  2.314929922295967835e+00 0 0 4.580971e+00 2.147355e+02 9.486857e+01 1.007630e+01 
215 7096  2.314929922295750231e+00 0 0 4.580971e+00 2.147355e+02 9.486857e+01 1.007630e+01 
216 7113  2.314929922295939857e+00 0 0 4.580971e+00 2.147355e+02 9.486857e+01 1.007630e+01 
217 7130  2.314929922295708931e+00 0 0 4.580971e+00 2.147355e+02 9.486857e+01 1.007630e+01 
218 7147  2.314929922295624998e+00 0 0 4.580971e+00 2.147355e+02 9.486857e+01 1.007630e+01 
219 7164  2.314929922295672959e+00 0 0 4.580971e+00 2.147355e+02 9.486857e+01 1.007630e+01 
220 7181  2.314929922295681841e+00 0 0 4.580971e+00 2.147355e+02 9.486857e+01 1.007630e+01 
221 7198  2.314929922295625886e+00 0 0 4.580971e+00 2.147355e+02 9.486857e+01 1.007630e+01 
222 7215  2.314929922295632547e+00 0 0 4.580971e+00 2.147355e+02 9.486857e+01 1.007630e+01 
223 7232  2.314929922295543285e+00 0 0 4.580971e+00 2.147355e+02 9.486857e+01 1.007630e+01 
1 7268  3.972775059688441246e+00 0 0 -6.557315e-01 2.295558e+02 9.242797e+01 1.363138e+01 
2 7302  4.469054029525066696e+00 0 0 -1.988724e+00 2.339980e+02 6.674423e+01 7.283904e+00 
3 7336  3.461305820287609691e+00 0 0 1.627899e+00 2.256625e+02 1.087066e+02 7.999182e+00 
4 7370  2.965571965359613760e+00 0 0 2.565040e+00 2.047773e+02 1.112457e+02 8.581452e+00 
5 7404  2.354420109611030210e+00 0 0 5.317210e+00 2.135984e+02 8.775992e+01 9.345497e+00 
6 7438  2.408882060045997697e+00 0 0 5.747378e+00 2.219530e+02 8.188272e+01 1.114616e+01 
7 7472  2.357328931547391981e+00 0 0 8.366139e+00 2.089889e+02 1.010218e+02 9.486855e+00 
8 7506  2.401212157385383961e+00 0 0 1.011351e+01 2.037987e+02 1.093868e+02 9.615027e+00 
9 7540  2.392760507556989769e+00 0 0 4.559777e+00 2.146760e+02 7.864343e+01 9.809576e+00 
10 7574  2.402688711018866385e+00 0 0 5.038986e+00 2.292523e+02 7.026029e+01 7.731416e+00 
11 7608  2.358399175532888581e+00 0 0 7.082656e+00 2.082698e+02 9.569632e+01 9.356167e+00 
12 7642  2.351167125020873883e+00 0 0 5.072243e+00 2.140950e+02 8.824427e+01 9.476301e+00 
13 7676  2.346063285699911294e+00 0 0 4.676574e+00 2.073982e+02 1.008286e+02 9.240615e+00 
14 7710  2.330001219719808780e+00 0 0 4.333023e+00 2.154057e+02 9.537698e+01 1.068436e+01 
15 7744  2.344101823261611983e+00 0 0 4.322158e+00 2.123280e+02 9.698093e+01 1.109658e+01 
16 7778  2.320885352726456574e+00 0 0 4.231810e+00 2.120407e+02 9.688862e+01 1.012388e+01 
17 7812  2.331679393273856427e+00 0 0 4.753895e+00 2.151109e+02 9.213119e+01 1.035752e+01 
18 7846  2.322261718606863479e+00 0 0 4.349883e+00 2.164666e+02 9.099598e+01 1.011958e+01 
19 7880  2.315918291334242873e+00 0 0 4.426650e+00 2.142904e+02 9.444995e+01 1.005247e+01 
20 7914  2.317001146296780334e+00 0 0 4.341391e+00 2.127318e+02 9.569833e+01 1.014055e+01 
21 7948  2.316084747357062490e+00 0 0 4.244647e+00 2.149133e+02 9.443467e+01 1.012694e+01 
22 7982  2.315805010565838096e+00 0 0 4.561517e+00 2.142771e+02 9.408567e+01 1.015898e+01 
23 8016  2.316801277482153587e+00 0 0 4.440111e+00 2.125489e+02 9.681744e+01 1.012195e+01 
24 8050  2.315801339536578407e+00 0 0 4.593637e+00 2.149290e+02 9.422464e+01 1.007117e+01 
25 8084  2.315980892417892179e+00 0 0 4.448393e+00 2.140660e+02 9.579803e+01 1.014467e+01 
26 8118  2.315154152053653824e+00 0 0 4.558862e+00 2.140028e+02 9.536520e+01 1.004345e+01 
27 8152  2.315495454950483811e+00 0 0 4.525921e+00 2.144340e+02 9.449198e+01 1.010740e+01 
28 8186  2.315535404154369203e+00 0 0 4.523960e+00 2.139826e+02 9.482727e+01 1.007714e+01 
29 8220  2.315409146173423416e+00 0 0 4.567842e+00 2.149461e+02 9.387355e+01 1.015008e+01 
30 8254  2.315259702258162022e+00 0 0 4.532929e+00 2.149588e+02 9.468458e+01 1.010737e+01 
31 8288  2.315225815227270445e+00 0 0 4.550725e+00 2.148405e+02 9.432346e+01 1.010295e+01 
32 8322  2.315382960557462511e+00 0 0 4.517242e+00 2.145623e+02 9.437373e+01 1.007770e+01 
33 8356  2.315163804189347641e+00 0 0 4.545891e+00 2.143277e+02 9.537297e+01 1.006752e+01 
34 8390  2.315048524649658823e+00 0 0 4.577977e+00 2.145566e+02 9.458400e+01 1.007603e+01 
35 8424  2.315163284198018978e+00 0 0 4.561951e+00 2.142338e+02 9.500577e+01 1.005293e+01 
36 8458  2.315159581072757433e+00 0 0 4.567422e+00 2.145696e+02 9.508371e+01 1.009827e+01 
37 8492  2.315126571735411698e+00 0 0 4.576934e+00 2.145168e+02 9.481818e+01 1.009200e+01 
38 8526  2.315126790269538049e+00 0 0 4.565445e+00 2.148731e+02 9.426582e+01 1.009746e+01 
39 8560  2.315045861584982489e+00 0 0 4.580416e+00 2.148865e+02 9.424425e+01 1.009535e+01 
40 8594  2.315009557033459675e+00 0 0 4.581037e+00 2.148015e+02 9.463555e+01 1.009061e+01 
41 8628  2.315049089500818447e+00 0 0 4.560153e+00 2.147635e+02 9.473939e+01 1.007986e+01 
42 8662  2.314976546532676593e+00 0 0 4.570739e+00 2.146402e+02 9.498055e+01 1.007051e+01 
43 8696  2.315031314893713610e+00 0 0 4.573709e+00 2.149715e+02 9.439139e+01 1.009444e+01 
44 8730  2.314977168733102442e+00 0 0 4.582566e+00 2.149174e+02 9.460960e+01 1.009262e+01 
45 8764  2.314985823075704108e+00 0 0 4.585349e+00 2.150090e+02 9.442595e+01 1.009481e+01 
46 8798  2.314982142919000729e+00 0 0 4.583354e+00 2.148900e+02 9.452681e+01 1.008843e+01 
47 8832  2.314975636430000261e+00 0 0 4.579388e+00 2.146881e+02 9.475175e+01 1.007776e+01 
48 8866  2.314963137490411160e+00 0 0 4.582255e+00 2.148649e+02 9.462187e+01 1.008686e+01 
49 8900  2.314954639146061588e+00 0 0 4.581627e+00 2.147968e+02 9.473334e+01 1.008259e+01 
50 8934  2.314953931574962098e+00 0 0 4.578917e+00 2.147124e+02 9.487951e+01 1.007450e+01 
51 8968  2.314957084094916961e+00 0 0 4.583755e+00 2.149193e+02 9.463479e+01 1.008962e+01 
52 9002  2.314955692432442813e+00 0 0 4.581454e+00 2.148006e+02 9.470712e+01 1.008238e+01 
53 9036  2.314945783644136057e+00 0 0 4.581245e+00 2.147658e+02 9.481545e+01 1.008028e+01 
54 9070  2.314953124841875542e+00 0 0 4.578934e+00 2.146745e+02 9.493329e+01 1.007197e+01 
55 9104  2.314941355334454443e+00 0 0 4.580415e+00 2.147394e+02 9.485399e+01 1.007788e+01 
56 9138  2.314943923832600614e+00 0 0 4.579711e+00 2.146752e+02 9.489434e+01 1.007389e+01 
57 9172  2.314941183687260207e+00 0 0 4.580582e+00 2.147731e+02 9.480651e+01 1.007917e+01 
58 9206  2.314937956743310377e+00 0 0 4.580815e+00 2.147235e+02 9.487961e+01 1.007673e+01 
59 9240  2.314935390927526981e+00 0 0 4.581146e+00 2.147780e+02 9.481559e+01 1.007906e+01 
60 9274  2.314935750114371693e+00 0 0 4.580958e+00 2.147452e+02 9.484353e+01 1.007706e+01 
61 9308  2.314933908825461462e+00 0 0 4.580876e+00 2.147329e+02 9.485533e+01 1.007652e+01 
62 9342  2.314934098985954591e+00 0 0 4.580446e+00 2.147159e+02 9.488309e+01 1.007543e+01 
63 9376  2.314933727319063994e+00 0 0 4.580680e+00 2.147299e+02 9.487439e+01 1.007644e+01 
64 9410  2.314933669029170638e+00 0 0 4.580830e+00 2.147382e+02 9.485425e+01 1.007675e+01 
65 9444  2.314931716551914320e+00 0 0 4.580928e+00 2.147358e+02 9.486652e+01 1.007628e+01 
66 9478  2.314932911338630106e+00 0 0 4.581072e+00 2.147547e+02 9.484197e+01 1.007761e+01 
67 9512  2.314933220013516646e+00 0 0 4.580588e+00 2.147379e+02 9.486311e+01 1.007663e+01 
68 9546  2.314931901570090211e+00 0 0 4.580625e+00 2.147249e+02 9.488061e+01 1.007578e+01 
69 9580  2.314931370377062425e+00 0 0 4.580735e+00 2.147298e+02 9.487519e+01 1.007605e+01 
70 9614  2.314930949059570864e+00 0 0 4.580892e+00 2.147335e+02 9.486983e+01 1.007631e+01 
71 9648  2.314931359245087084e+00 0 0 4.580794e+00 2.147367e+02 9.486493e+01 1.007642e+01 
72 9682  2.314931064481423828e+00 0 0 4.580863e+00 2.147374e+02 9.486642e+01 1.007650e+01 
73 9716  2.314930686207110178e+00 0 0 4.580925e+00 2.147352e+02 9.486846e+01 1.007638e+01 
74 9750  2.314930860023583836e+00 0 0 4.580854e+00 2.147354e+02 9.486846e+01 1.007637e+01 
75 9784  2.314930653833347396e+00 0 0 4.580858e+00 2.147325e+02 9.487120e+01 1.007617e+01 
76 9818  2.314930437896083326e+00 0 0 4.581054e+00 2.147415e+02 9.486083e+01 1.007669e+01 
77 9852  2.314930681099882204e+00 0 0 4.580894e+00 2.147323e+02 9.487152e+01 1.007619e+01 
78 9886  2.314930461032613795e+00 0 0 4.581036e+00 2.147419e+02 9.486106e+01 1.007667e+01 
79 9920  2.314930232060915305e+00 0 0 4.580958e+00 2.147358e+02 9.486798e+01 1.007631e+01 
80 9954  2.314930281906327547e+00 0 0 4.581044e+00 2.147404e+02 9.486248e+01 1.007660e+01 
81 9988  2.314930127686736228e+00 0 0 4.580972e+00 2.147364e+02 9.486702e+01 1.007637e+01 
82 10022  2.314930165347289126e+00 0 0 4.580937e+00 2.147333e+02 9.487055e+01 1.007618e+01 
83 10056  2.314930136065508126e+00 0 0 4.580946e+00 2.147344e+02 9.486983e+01 1.007626e+01 
84 10090  2.314930125633206437e+00 0 0 4.580966e+00 2.147358e+02 9.486788e+01 1.007632e+01 
85 10124  2.314930044889517369e+00 0 0 4.580963e+00 2.147352e+02 9.486836e+01 1.007630e+01 
86 10158  2.314930057047609235e+00 0 0 4.580964e+00 2.147356e+02 9.486839e+01 1.007631e+01 
87 10192  2.314929969238432861e+00 0 0 4.580962e+00 2.147351e+02 9.486896e+01 1.007628e+01 
88 10226  2.314930013024874889e+00 0 0 4.580970e+00 2.147354e+02 9.486838e+01 1.007630e+01 
89 10260  2.314929976507131393e+00 0 0 4.580962e+00 2.147352e+02 9.486888e+01 1.007629e+01 
90 10294  2.314929989287195511e+00 0 0 4.580967e+00 2.147356e+02 9.486833e+01 1.007631e+01 
91 10328  2.314929965089396191e+00 0 0 4.580967e+00 2.147352e+02 9.486869e+01 1.007629e+01 
92 10362  2.314929965968484549e+00 0 0 4.580962e+00 2.147350e+02 9.486906e+01 1.007628e+01 
93 10396  2.314929943415535263e+00 0 0 4.580968e+00 2.147353e+02 9.486870e+01 1.007630e+01 
94 10430  2.314929953120810513e+00 0 0 4.580966e+00 2.147354e+02 9.486866e+01 1.007629e+01 
95 10464  2.314929947640467667e+00 0 0 4.580969e+00 2.147355e+02 9.486854e+01 1.007630e+01 
96 10498  2.314929937083589184e+00 0 0 4.580968e+00 2.147353e+02 9.486875e+01 1.007629e+01 
97 10532  2.314929941534006552e+00 0 0 4.580966e+00 2.147353e+02 9.486879e+01 1.007629e+01 
98 10566  2.314929934594750272e+00 0 0 4.580970e+00 2.147355e+02 9.486850e+01 1.007630e+01 
99 10600  2.314929928627030620e+00 0 0 4.580971e+00 2.147355e+02 9.486851e+01 1.007630e+01 
100 10634  2.314929928890262278e+00 0 0 4.580970e+00 2.147355e+02 9.486853e+01 1.007630e+01 
101 10668  2.314929933774010795e+00 0 0 4.580969e+00 2.147354e+02 9.486861e+01 1.007630e+01 
102 10702  2.314929928814108528e+00 0 0 4.580969e+00 2.147355e+02 9.486858e+01 1.007630e+01 
103 10736  2.314929925896675567e+00 0 0 4.580971e+00 2.147355e+02 9.486854e+01 1.007630e+01 
104 10770  2.314929925747565065e+00 0 0 4.580971e+00 2.147355e+02 9.486854e+01 1.007630e+01 
105 10804  2.314929926943500416e+00 0 0 4.580970e+00 2.147355e+02 9.486855e+01 1.007630e+01 
106 10838  2.314929925648919973e+00 0 0 4.580970e+00 2.147355e+02 9.486856e+01 1.007630e+01 
107 10872  2.314929926798877879e+00 0 0 4.580970e+00 2.147355e+02 9.486859e+01 1.007630e+01 
108 10906  2.314929925252937615e+00 0 0 4.580971e+00 2.147355e+02 9.486855e+01 1.007630e+01 
109 10940  2.314929924955055007e+00 0 0 4.580970e+00 2.147355e+02 9.486858e+01 1.007630e+01 
110 10974  2.314929925025868140e+00 0 0 4.580971e+00 2.147355e+02 9.486855e+01 1.007630e+01 
111 11008  2.314929923801616329e+00 0 0 4.580970e+00 2.147355e+02 9.486858e+01 1.007630e+01 
112 11042  2.314929924166427622e+00 0 0 4.580971e+00 2.147355e+02 9.486855e+01 1.007630e+01 
113 11076  2.314929924607519229e+00 0 0 4.580971e+00 2.147355e+02 9.486855e+01 1.007630e+01 
114 11110  2.314929923186193061e+00 0 0 4.580971e+00 2.147355e+02 9.486855e+01 1.007630e+01 
115 11144  2.314929923339098750e+00 0 0 4.580971e+00 2.147355e+02 9.486855e+01 1.007630e+01 
116 11178  2.314929923323060912e+00 0 0 4.580971e+00 2.147355e+02 9.486855e+01 1.007630e+01 
117 11212  2.314929922951335151e+00 0 0 4.580970e+00 2.147355e+02 9.486857e+01 1.007630e+01 
118 11246  2.314929922765474046e+00 0 0 4.580970e+00 2.147355e+02 9.486857e+01 1.007630e+01 
119 11280  2.314929922465076118e+00 0 0 4.580970e+00 2.147355e+02 9.486857e+01 1.007630e+01 
120 11314  2.314929922806366225e+00 0 0 4.580970e+00 2.147355e+02 9.486857e+01 1.007630e+01 
121 11348  2.314929922465917667e+00 0 0 4.580971e+00 2.147355e+02 9.486857e+01 1.007630e+01 
122 11382  2.314929922571171250e+00 0 0 4.580970e+00 2.147355e+02 9.486857e+01 1.007630e+01 
123 11416  2.314929922470891022e+00 0 0 4.580970e+00 2.147355e+02 9.486857e+01 1.007630e+01 
124 11450  2.314929922539497920e+00 0 0 4.580970e+00 2.147355e+02 9.486857e+01 1.007630e+01 
125 11484  2.314929922551635322e+00 0 0 4.580970e+00 2.147355e+02 9.486857e+01 1.007630e+01 
126 11518  2.314929922536382634e+00 0 0 4.580970e+00 2.147355e+02 9.486857e+01 1.007630e+01 
127 11552  2.314929922414323382e+00 0 0 4.580970e+00 2.147355e+02 9.486857e+01 1.007630e+01 
128 11586  2.314929922401236517e+00 0 0 4.580971e+00 2.147355e+02 9.486857e+01 1.007630e+01 
129 11620  2.314929922374102222e+00 0 0 4.580971e+00 2.147355e+02 9.486857e+01 1.007630e+01 
130 11654  2.314929922354767911e+00 0 0 4.580971e+00 2.147355e+02 9.486857e+01 1.007630e+01 
131 11688  2.314929922397755302e+00 0 0 4.580971e+00 2.147355e+02 9.486856e+01 1.007630e+01 
132 11722  2.314929922370774218e+00 0 0 4.580971e+00 2.147355e+02 9.486857e+01 1.007630e+01 
133 11756  2.314929922366419035e+00 0 0 4.580971e+00 2.147355e+02 9.486857e+01 1.007630e+01 
134 11790  2.314929922351392833e+00 0 0 4.580971e+00 2.147355e+02 9.486857e+01 1.007630e+01 
135 11824  2.314929922341319113e+00 0 0 4.580970e+00 2.147355e+02 9.486857e+01 1.007630e+01 
136 11858  2.314929922345572599e+00 0 0 4.580971e+00 2.147355e+02 9.486857e+01 1.007630e+01 
137 11892  2.314929922353344161e+00 0 0 4.580971e+00 2.147355e+02 9.486857e+01 1.007630e+01 
138 11926  2.314929922339432178e+00 0 0 4.580971e+00 2.147355e+02 9.486857e+01 1.007630e+01 
139 11960  2.314929922318421429e+00 0 0 4.580971e+00 2.147355e+02 9.486857e+01 1.007630e+01 
140 11994  2.314929922325673850e+00 0 0 4.580971e+00 2.147355e+02 9.486857e+01 1.007630e+01 
141 12028  2.314929922323481826e+00 0 0 4.580971e+00 2.147355e+02 9.486857e+01 1.007630e+01 
142 12062  2.314929922317915612e+00 0 0 4.580971e+00 2.147355e+02 9.486857e+01 1.007630e+01 
143 12096  2.314929922312905841e+00 0 0 4.580971e+00 2.147355e+02 9.486857e+01 1.007630e+01 
144 12130  2.314929922303535115e+00 0 0 4.580971e+00 2.147355e+02 9.486857e+01 1.007630e+01 
145 12164  2.314929922306289356e+00 0 0 4.580971e+00 2.147355e+02 9.486857e+01 1.007630e+01 
146 12198  2.314929922304767018e+00 0 0 4.580971e+00 2.147355e+02 9.486857e+01 1.007630e+01 
147 12232  2.314929922303480492e+00 0 0 4.580971e+00 2.147355e+02 9.486857e+01 1.007630e+01 
148 12266  2.314929922306974586e+00 0 0 4.580971e+00 2.147355e+02 9.486857e+01 1.007630e+01 
149 12300  2.314929922305927423e+00 0 0 4.580971e+00 2.147355e+02 9.486857e+01 1.007630e+01 
150 12334  2.314929922307014110e+00 0 0 4.580971e+00 2.147355e+02 9.486857e+01 1.007630e+01 
151 12368  2.314929922300544618e+00 0 0 4.580971e+00 2.147355e+02 9.486857e+01 1.007630e+01 
152 12402  2.314929922303030629e+00 0 0 4.580971e+00 2.147355e+02 9.486857e+01 1.007630e+01 
153 12436  2.314929922299688414e+00 0 0 4.580971e+00 2.147355e+02 9.486857e+01 1.007630e+01 
154 12470  2.314929922299214127e+00 0 0 4.580971e+00 2.147355e+02 9.486857e+01 1.007630e+01 
155 12504  2.314929922296637077e+00 0 0 4.580971e+00 2.147355e+02 9.486857e+01 1.007630e+01 
156 12538  2.314929922296308451e+00 0 0 4.580971e+00 2.147355e+02 9.486857e+01 1.007630e+01 
157 12572  2.314929922297047860e+00 0 0 4.580971e+00 2.147355e+02 9.486857e+01 1.007630e+01 
158 12606  2.314929922296905307e+00 0 0 4.580971e+00 2.147355e+02 9.486857e+01 1.007630e+01 
159 12640  2.314929922296496301e+00 0 0 4.580971e+00 2.147355e+02 9.486857e+01 1.007630e+01 
160 12674  2.314929922297221498e+00 0 0 4.580971e+00 2.147355e+02 9.486857e+01 1.007630e+01 
161 12708  2.314929922296281362e+00 0 0 4.580971e+00 2.147355e+02 9.486857e+01 1.007630e+01 
162 12742  2.314929922296317777e+00 0 0 4.580971e+00 2.147355e+02 9.486857e+01 1.007630e+01 
163 12776  2.314929922296365294e+00 0 0 4.580971e+00 2.147355e+02 9.486857e+01 1.007630e+01 
164 12810  2.314929922296288467e+00 0 0 4.580971e+00 2.147355e+02 9.486857e+01 1.007630e+01 
165 12844  2.314929922295969167e+00 0 0 4.580971e+00 2.147355e+02 9.486857e+01 1.007630e+01 
166 12878  2.314929922295712039e+00 0 0 4.580971e+00 2.147355e+02 9.486857e+01 1.007630e+01 
167 12912  2.314929922295972275e+00 0 0 4.580971e+00 2.147355e+02 9.486857e+01 1.007630e+01 
168 12946  2.314929922295906994e+00 0 0 4.580971e+00 2.147355e+02 9.486857e+01 1.007630e+01 
169 12980  2.314929922295711151e+00 0 0 4.580971e+00 2.147355e+02 9.486857e+01 1.007630e+01 
170 13014  2.314929922295755560e+00 0 0 4.580971e+00 2.147355e+02 9.486857e+01 1.007630e+01 
171 13048  2.314929922295715148e+00 0 0 4.580971e+00 2.147355e+02 9.486857e+01 1.007630e+01 
172 13082  2.314929922295692499e+00 0 0 4.580971e+00 2.147355e+02 9.486857e+01 1.007630e+01 
173 13116  2.314929922295682729e+00 0 0 4.580971e+00 2.147355e+02 9.486857e+01 1.007630e+01 
174 13150  2.314929922295700493e+00 0 0 4.580971e+00 2.147355e+02 9.486857e+01 1.007630e+01 
175 13184  2.314929922295662301e+00 0 0 4.580971e+00 2.147355e+02 9.486857e+01 1.007630e+01 
1 13254  3.106499899356963024e+00 0 0 3.398274e+00 2.346963e+02 1.022253e+02 1.065046e+01 
2 13322  2.498196694571102050e+00 0 0 3.275999e+00 2.223513e+02 9.036137e+01 1.237212e+01 
3 13390  2.479074228306279437e+00 0 0 4.673191e+00 2.358334e+02 6.298073e+01 6.425664e+00 
4 13458  2.554243962793936173e+00 0 0 4.621633e+00 2.373171e+02 6.497273e+01 8.915177e+00 
5 13526  2.365607674378406688e+00 0 0 5.905770e+00 2.229140e+02 8.268201e+01 9.038643e+00 
6 13594  2.390203682807361840e+00 0 0 4.785242e+00 2.101503e+02 8.807292e+01 7.022979e+00 
7 13662  2.391093154818658473e+00 0 0 4.021846e+00 2.092818e+02 9.883002e+01 8.424284e+00 
8 13730  2.377211366516343904e+00 0 0 4.624595e+00 2.149163e+02 7.587407e+01 7.411784e+00 
9 13798  2.354679623975105329e+00 0 0 4.315323e+00 2.213618e+02 8.532576e+01 1.062533e+01 
10 13866  2.328083649388858589e+00 0 0 4.275236e+00 2.140611e+02 8.760500e+01 9.548450e+00 
11 13934  2.318379563081711225e+00 0 0 4.630938e+00 2.136831e+02 9.456878e+01 1.002534e+01 
12 14002  2.337564264362969713e+00 0 0 4.335833e+00 2.108799e+02 8.807296e+01 9.449076e+00 
13 14070  2.320137273820832124e+00 0 0 3.982351e+00 2.150548e+02 9.224447e+01 1.020229e+01 
14 14138  2.318118461386713403e+00 0 0 4.410946e+00 2.124551e+02 9.269248e+01 1.000909e+01 
15 14206  2.316174086196892468e+00 0 0 4.517645e+00 2.129998e+02 9.447589e+01 1.002136e+01 
16 14274  2.316536000121008687e+00 0 0 4.504111e+00 2.134607e+02 9.478605e+01 1.017711e+01 
17 14342  2.315688671568050694e+00 0 0 4.557381e+00 2.137061e+02 9.534809e+01 1.010225e+01 
18 14410  2.315699300737186217e+00 0 0 4.501287e+00 2.135317e+02 9.606055e+01 9.986702e+00 
19 14478  2.315836717047322413e+00 0 0 4.400058e+00 2.141250e+02 9.421933e+01 1.006649e+01 
20 14546  2.315666469563853802e+00 0 0 4.505181e+00 2.139309e+02 9.584019e+01 1.010479e+01 
21 14614  2.315633006697584761e+00 0 0 4.432642e+00 2.140658e+02 9.565542e+01 1.007237e+01 
22 14682  2.315436909872191862e+00 0 0 4.499165e+00 2.140442e+02 9.495430e+01 1.005466e+01 
23 14750  2.315232937833108018e+00 0 0 4.545562e+00 2.142115e+02 9.529999e+01 1.006853e+01 
24 14818  2.315032406263870968e+00 0 0 4.563599e+00 2.148444e+02 9.476356e+01 1.008131e+01 
25 14886  2.315019038725798062e+00 0 0 4.577050e+00 2.145408e+02 9.481202e+01 1.006947e+01 
26 14954  2.315069412575303076e+00 0 0 4.579840e+00 2.153152e+02 9.400880e+01 1.012069e+01 
27 15022  2.315101636410062280e+00 0 0 4.564536e+00 2.145438e+02 9.471337e+01 1.007748e+01 
28 15090  2.315074444455776259e+00 0 0 4.558081e+00 2.146630e+02 9.479198e+01 1.007800e+01 
29 15158  2.315016804934709072e+00 0 0 4.569684e+00 2.143443e+02 9.522883e+01 1.005727e+01 
30 15226  2.315001068467257284e+00 0 0 4.572852e+00 2.142910e+02 9.533079e+01 1.005363e+01 
31 15294  2.314980568075027278e+00 0 0 4.574680e+00 2.144998e+02 9.503282e+01 1.006454e+01 
32 15362  2.315019994144041249e+00 0 0 4.579551e+00 2.149512e+02 9.441072e+01 1.009676e+01 
33 15430  2.314987251629331944e+00 0 0 4.580505e+00 2.146344e+02 9.494099e+01 1.007101e+01 
34 15498  2.314964768838521536e+00 0 0 4.580235e+00 2.146588e+02 9.494585e+01 1.007431e+01 
35 15566  2.314976383308423813e+00 0 0 4.578612e+00 2.149077e+02 9.460947e+01 1.008851e+01 
36 15634  2.314961572552644231e+00 0 0 4.578220e+00 2.145992e+02 9.493577e+01 1.006991e+01 
37 15702  2.314946515284043382e+00 0 0 4.581114e+00 2.147726e+02 9.478686e+01 1.008018e+01 
38 15770  2.314949657772784164e+00 0 0 4.579825e+00 2.147778e+02 9.482086e+01 1.008065e+01 
39 15838  2.314939916840580203e+00 0 0 4.581054e+00 2.147474e+02 9.482459e+01 1.007749e+01 
40 15906  2.314937390518602811e+00 0 0 4.580601e+00 2.147261e+02 9.485810e+01 1.007655e+01 
41 15974  2.314940907196272768e+00 0 0 4.580003e+00 2.147450e+02 9.484593e+01 1.007765e+01 
42 16042  2.314937129797428383e+00 0 0 4.581619e+00 2.147982e+02 9.479520e+01 1.008063e+01 
43 16110  2.314938412097001130e+00 0 0 4.580553e+00 2.147630e+02 9.483052e+01 1.007848e+01 
44 16178  2.314931138628936846e+00 0 0 4.581064e+00 2.147469e+02 9.485498e+01 1.007705e+01 
45 16246  2.314933912695837481e+00 0 0 4.581878e+00 2.148010e+02 9.478858e+01 1.008031e+01 
46 16314  2.314932898214943080e+00 0 0 4.580787e+00 2.147219e+02 9.487967e+01 1.007554e+01 
47 16382  2.314933930046556565e+00 0 0 4.581010e+00 2.147548e+02 9.484218e+01 1.007776e+01 
48 16450  2.314932608034263595e+00 0 0 4.580939e+00 2.147325e+02 9.486251e+01 1.007635e+01 
49 16518  2.314932538555123820e+00 0 0 4.580582e+00 2.147300e+02 9.486981e+01 1.007610e+01 
50 16586  2.314931571602995231e+00 0 0 4.580957e+00 2.147367e+02 9.486525e+01 1.007660e+01 
51 16654  2.314930391129293774e+00 0 0 4.581016e+00 2.147414e+02 9.486153e+01 1.007666e+01 
52 16722  2.314931627961051674e+00 0 0 4.580780e+00 2.147369e+02 9.486394e+01 1.007645e+01 
53 16790  2.314931144926270612e+00 0 0 4.581046e+00 2.147419e+02 9.485937e+01 1.007681e+01 
54 16858  2.314930466297783429e+00 0 0 4.580870e+00 2.147316e+02 9.487231e+01 1.007609e+01 
55 16926  2.314930660740272650e+00 0 0 4.580849e+00 2.147297e+02 9.487472e+01 1.007600e+01 
56 16994  2.314930776277476010e+00 0 0 4.580971e+00 2.147404e+02 9.486206e+01 1.007660e+01 
57 17062  2.314930377736364786e+00 0 0 4.580987e+00 2.147364e+02 9.486711e+01 1.007640e+01 
58 17130  2.314930179856760972e+00 0 0 4.580991e+00 2.147375e+02 9.486611e+01 1.007644e+01 
59 17198  2.314930289230875626e+00 0 0 4.580924e+00 2.147345e+02 9.486886e+01 1.007627e+01 
60 17266  2.314930219536839751e+00 0 0 4.580975e+00 2.147374e+02 9.486592e+01 1.007643e+01 
61 17334  2.314930139193231540e+00 0 0 4.580972e+00 2.147368e+02 9.486669e+01 1.007639e+01 
62 17402  2.314930161457790625e+00 0 0 4.580946e+00 2.147357e+02 9.486788e+01 1.007632e+01 
63 17470  2.314930095170249391e+00 0 0 4.580989e+00 2.147373e+02 9.486618e+01 1.007641e+01 
64 17538  2.314930068600701496e+00 0 0 4.580962e+00 2.147349e+02 9.486893e+01 1.007629e+01 
65 17606  2.314930050574080855e+00 0 0 4.580985e+00 2.147367e+02 9.486696e+01 1.007638e+01 
66 17674  2.314930044740553861e+00 0 0 4.580977e+00 2.147361e+02 9.486765e+01 1.007635e+01 
67 17742  2.314929983604843589e+00 0 0 4.580966e+00 2.147355e+02 9.486848e+01 1.007631e+01 
68 17810  2.314929993818592990e+00 0 0 4.580976e+00 2.147360e+02 9.486777e+01 1.007634e+01 
69 17878  2.314929969521069442e+00 0 0 4.580967e+00 2.147353e+02 9.486863e+01 1.007629e+01 
70 17946  2.314929938926050035e+00 0 0 4.580971e+00 2.147355e+02 9.486847e+01 1.007631e+01 
71 18014  2.314929954877153584e+00 0 0 4.580976e+00 2.147358e+02 9.486811e+01 1.007632e+01 
72 18082  2.314929954081000218e+00 0 0 4.580964e+00 2.147352e+02 9.486892e+01 1.007628e+01 
73 18150  2.314929944431411535e+00 0 0 4.580970e+00 2.147357e+02 9.486835e+01 1.007631e+01 
74 18218  2.314929946941421512e+00 0 0 4.580968e+00 2.147355e+02 9.486850e+01 1.007630e+01 
75 18286  2.314929932711049076e+00 0 0 4.580969e+00 2.147355e+02 9.486858e+01 1.007630e+01 
76 18354  2.314929932750167119e+00 0 0 4.580970e+00 2.147355e+02 9.486859e+01 1.007630e+01 
77 18422  2.314929933576773902e+00 0 0 4.580969e+00 2.147354e+02 9.486868e+01 1.007629e+01 
78 18490  2.314929929380959983e+00 0 0 4.580971e+00 2.147355e+02 9.486856e+01 1.007630e+01 
79 18558  2.314929931604268631e+00 0 0 4.580969e+00 2.147355e+02 9.486857e+01 1.007630e+01 
80 18626  2.314929928806243709e+00 0 0 4.580970e+00 2.147354e+02 9.486860e+01 1.007630e+01 
81 18694  2.314929925197165339e+00 0 0 4.580971e+00 2.147355e+02 9.486853e+01 1.007630e+01 
82 18762  2.314929925607725814e+00 0 0 4.580970e+00 2.147354e+02 9.486860e+01 1.007630e+01 
83 18830  2.314929925368292452e+00 0 0 4.580970e+00 2.147354e+02 9.486861e+01 1.007630e+01 
84 18898  2.314929925048641035e+00 0 0 4.580970e+00 2.147354e+02 9.486860e+01 1.007630e+01 
85 18966  2.314929925162839908e+00 0 0 4.580970e+00 2.147354e+02 9.486860e+01 1.007630e+01 
86 19034  2.314929923983316318e+00 0 0 4.580970e+00 2.147355e+02 9.486857e+01 1.007630e+01 
87 19102  2.314929923186108685e+00 0 0 4.580970e+00 2.147355e+02 9.486857e+01 1.007630e+01 
88 19170  2.314929923453320271e+00 0 0 4.580971e+00 2.147355e+02 9.486855e+01 1.007630e+01 
89 19238  2.314929923465790740e+00 0 0 4.580971e+00 2.147355e+02 9.486856e+01 1.007630e+01 
90 19306  2.314929922711345345e+00 0 0 4.580970e+00 2.147355e+02 9.486857e+01 1.007630e+01 
91 19374  2.314929922822766883e+00 0 0 4.580971e+00 2.147355e+02 9.486856e+01 1.007630e+01 
92 19442  2.314929922710843968e+00 0 0 4.580970e+00 2.147355e+02 9.486857e+01 1.007630e+01 
93 19510  2.314929922682775310e+00 0 0 4.580970e+00 2.147355e+02 9.486857e+01 1.007630e+01 
94 19578  2.314929922570455378e+00 0 0 4.580971e+00 2.147355e+02 9.486856e+01 1.007630e+01 
95 19646  2.314929922494322945e+00 0 0 4.580970e+00 2.147355e+02 9.486857e+01 1.007630e+01 
96 19714  2.314929922469831869e+00 0 0 4.580970e+00 2.147355e+02 9.486857e+01 1.007630e+01 
97 19782  2.314929922479381119e+00 0 0 4.580970e+00 2.147355e+02 9.486857e+01 1.007630e+01 
98 19850  2.314929922430362552e+00 0 0 4.580971e+00 2.147355e+02 9.486857e+01 1.007630e+01 
99 19918  2.314929922382437777e+00 0 0 4.580970e+00 2.147355e+02 9.486857e+01 1.007630e+01 
100 19986  2.314929922373075044e+00 0 0 4.580970e+00 2.147355e+02 9.486857e+01 1.007630e+01 
101 20054  2.314929922396308459e+00 0 0 4.580970e+00 2.147355e+02 9.486857e+01 1.007630e+01 
102 20122  2.314929922354737712e+00 0 0 4.580970e+00 2.147355e+02 9.486857e+01 1.007630e+01 
103 20190  2.314929922347211733e+00 0 0 4.580971e+00 2.147355e+02 9.486857e+01 1.007630e+01 
104 20258  2.314929922322280564e+00 0 0 4.580971e+00 2.147355e+02 9.486857e+01 1.007630e+01 
105 20326  2.314929922322978229e+00 0 0 4.580971e+00 2.147355e+02 9.486857e+01 1.007630e+01 
106 20394  2.314929922334224788e+00 0 0 4.580970e+00 2.147355e+02 9.486857e+01 1.007630e+01 
107 20462  2.314929922317293443e+00 0 0 4.580971e+00 2.147355e+02 9.486857e+01 1.007630e+01 
108 20530  2.314929922312578547e+00 0 0 4.580971e+00 2.147355e+02 9.486857e+01 1.007630e+01 
109 20598  2.314929922310002830e+00 0 0 4.580971e+00 2.147355e+02 9.486857e+01 1.007630e+01 
110 20666  2.314929922310440702e+00 0 0 4.580971e+00 2.147355e+02 9.486857e+01 1.007630e+01 
111 20734  2.314929922302859655e+00 0 0 4.580971e+00 2.147355e+02 9.486857e+01 1.007630e+01 
112 20802  2.314929922301903087e+00 0 0 4.580971e+00 2.147355e+02 9.486857e+01 1.007630e+01 
113 20870  2.314929922303114118e+00 0 0 4.580971e+00 2.147355e+02 9.486857e+01 1.007630e+01 
114 20938  2.314929922303428533e+00 0 0 4.580971e+00 2.147355e+02 9.486857e+01 1.007630e+01 
115 21006  2.314929922299298948e+00 0 0 4.580971e+00 2.147355e+02 9.486857e+01 1.007630e+01 
116 21074  2.314929922299343357e+00 0 0 4.580971e+00 2.147355e+02 9.486857e+01 1.007630e+01 
117 21142  2.314929922299712395e+00 0 0 4.580971e+00 2.147355e+02 9.486857e+01 1.007630e+01 
118 21210  2.314929922298297527e+00 0 0 4.580971e+00 2.147355e+02 9.486857e+01 1.007630e+01 
119 21278  2.314929922297148668e+00 0 0 4.580971e+00 2.147355e+02 9.486857e+01 1.007630e+01 
120 21346  2.314929922298214926e+00 0 0 4.580971e+00 2.147355e+02 9.486857e+01 1.007630e+01 
121 21414  2.314929922298044840e+00 0 0 4.580971e+00 2.147355e+02 9.486857e+01 1.007630e+01 
122 21482  2.314929922296677045e+00 0 0 4.580971e+00 2.147355e+02 9.486857e+01 1.007630e+01 
123 21550  2.314929922296671716e+00 0 0 4.580971e+00 2.147355e+02 9.486857e+01 1.007630e+01 
124 21618  2.314929922296588227e+00 0 0 4.580971e+00 2.147355e+02 9.486857e+01 1.007630e+01 
125 21686  2.314929922296204090e+00 0 0 4.580971e+00 2.147355e+02 9.486857e+01 1.007630e+01 
126 21754  2.314929922296341758e+00 0 0 4.580971e+00 2.147355e+02 9.486857e+01 1.007630e+01 
127 21822  2.314929922295923870e+00 0 0 4.580971e+00 2.147355e+02 9.486857e+01 1.007630e+01 
128 21890  2.314929922295933196e+00 0 0 4.580971e+00 2.147355e+02 9.486857e+01 1.007630e+01 
129 21958  2.314929922295868359e+00 0 0 4.580971e+00 2.147355e+02 9.486857e+01 1.007630e+01 
130 22026  2.314929922295815512e+00 0 0 4.580971e+00 2.147355e+02 9.486857e+01 1.007630e+01 
131 22094  2.314929922295689391e+00 0 0 4.580971e+00 2.147355e+02 9.486857e+01 1.007630e+01 
132 22162  2.314929922295725806e+00 0 0 4.580971e+00 2.147355e+02 9.486857e+01 1.007630e+01 
133 22230  2.314929922295714704e+00 0 0 4.580971e+00 2.147355e+02 9.486857e+01 1.007630e+01 
134 22298  2.314929922295676512e+00 0 0 4.580971e+00 2.147355e+02 9.486857e+01 1.007630e+01 
135 22366  2.314929922295583253e+00 0 0 4.580971e+00 2.147355e+02 9.486857e+01 1.007630e+01 
136 22434  2.314929922295577924e+00 0 0 4.580971e+00 2.147355e+02 9.486857e+01 1.007630e+01 
137 22502  2.314929922295618780e+00 0 0 4.580971e+00 2.147355e+02 9.486857e+01 1.007630e+01 
