%  columns=["iteration, evaluation, sigma, void, void, stds==sigma*sqrt(diag(C))" (startseed=214675, 2023/10/9 16:50:38.76)
1 10 1.361026e+02 0 0 1.420875e+00 1.311502e+02 5.201986e+01 3.079667e+00 
2 19 1.193551e+02 0 0 1.198182e+00 1.093506e+02 4.488156e+01 2.636109e+00 
3 28 1.316006e+02 0 0 1.261162e+00 1.144323e+02 5.113072e+01 3.187453e+00 
4 37 1.203409e+02 0 0 1.137012e+00 1.026773e+02 4.430062e+01 2.782986e+00 
5 46 9.437781e+01 0 0 8.722467e-01 7.628535e+01 3.311702e+01 2.114696e+00 
6 55 8.484768e+01 0 0 7.614748e-01 6.564057e+01 2.832151e+01 1.877666e+00 
7 64 9.827784e+01 0 0 1.051100e+00 7.436525e+01 3.105778e+01 2.105372e+00 
8 73 7.767158e+01 0 0 8.140339e-01 5.539182e+01 2.342455e+01 1.574526e+00 
9 82 7.198960e+01 0 0 7.267621e-01 4.854764e+01 2.185138e+01 1.396063e+00 
10 91 6.529304e+01 0 0 6.589801e-01 4.249270e+01 1.897780e+01 1.255354e+00 
11 100 6.391795e+01 0 0 6.445241e-01 3.938351e+01 1.909341e+01 1.186915e+00 
12 109 6.343670e+01 0 0 6.304552e-01 3.679371e+01 1.998146e+01 1.180289e+00 
13 118 6.112920e+01 0 0 6.003405e-01 3.408093e+01 1.883023e+01 1.126815e+00 
14 127 7.147375e+01 0 0 7.721905e-01 3.754360e+01 2.197271e+01 1.413855e+00 
15 136 7.560975e+01 0 0 8.747571e-01 3.763274e+01 2.204656e+01 1.435771e+00 
16 145 7.527749e+01 0 0 8.638103e-01 3.617916e+01 2.228770e+01 1.395212e+00 
17 154 7.937772e+01 0 0 8.919795e-01 3.610610e+01 2.326343e+01 1.510519e+00 
18 163 6.583742e+01 0 0 7.173831e-01 2.833893e+01 1.855578e+01 1.203074e+00 
19 172 6.307663e+01 0 0 6.601937e-01 2.556886e+01 1.751671e+01 1.195841e+00 
20 181 6.123175e+01 0 0 6.400515e-01 2.379968e+01 1.651965e+01 1.108737e+00 
21 190 5.974946e+01 0 0 5.945019e-01 2.195715e+01 1.578885e+01 1.230806e+00 
22 199 5.599515e+01 0 0 5.792742e-01 1.937051e+01 1.483972e+01 1.107884e+00 
23 208 4.279320e+01 0 0 4.222708e-01 1.393199e+01 1.084093e+01 7.985187e-01 
24 217 3.948052e+01 0 0 3.739290e-01 1.234934e+01 9.735859e+00 7.563969e-01 
25 226 3.764487e+01 0 0 3.412983e-01 1.120377e+01 9.210828e+00 7.191097e-01 
26 235 3.527177e+01 0 0 3.190947e-01 9.930170e+00 8.170521e+00 6.421223e-01 
27 244 3.107576e+01 0 0 2.686245e-01 8.523792e+00 6.873005e+00 5.485134e-01 
28 253 2.690534e+01 0 0 2.207071e-01 6.979059e+00 5.661755e+00 4.760145e-01 
29 262 2.128502e+01 0 0 1.663442e-01 5.230293e+00 4.223118e+00 3.647813e-01 
30 271 2.182020e+01 0 0 1.681490e-01 5.095403e+00 4.375647e+00 4.097615e-01 
31 280 2.502826e+01 0 0 1.933139e-01 5.530135e+00 4.874137e+00 5.340827e-01 
32 289 2.572805e+01 0 0 1.901771e-01 5.354666e+00 5.181935e+00 5.643103e-01 
33 298 2.996688e+01 0 0 2.133957e-01 5.898998e+00 5.927936e+00 7.237068e-01 
34 307 3.192837e+01 0 0 2.168588e-01 6.032209e+00 6.621866e+00 8.424335e-01 
35 316 3.370409e+01 0 0 2.184361e-01 6.372763e+00 6.800077e+00 8.798043e-01 
36 325 3.579417e+01 0 0 2.261448e-01 6.399526e+00 6.828259e+00 1.004872e+00 
37 334 3.128034e+01 0 0 1.905087e-01 5.305659e+00 5.636905e+00 8.383326e-01 
38 343 2.822704e+01 0 0 1.640476e-01 4.506709e+00 5.059040e+00 7.452951e-01 
39 352 2.857893e+01 0 0 1.865669e-01 4.385683e+00 4.952409e+00 7.562642e-01 
40 361 2.366085e+01 0 0 1.467529e-01 3.427309e+00 3.898375e+00 5.971324e-01 
41 370 2.047752e+01 0 0 1.242218e-01 2.926551e+00 3.214975e+00 4.992520e-01 
42 379 1.820231e+01 0 0 1.106078e-01 2.457944e+00 2.738648e+00 4.298930e-01 
43 388 1.759328e+01 0 0 1.069391e-01 2.282576e+00 2.641157e+00 3.963801e-01 
44 397 1.834431e+01 0 0 1.129544e-01 2.247752e+00 2.853075e+00 4.003072e-01 
45 406 2.022381e+01 0 0 1.284502e-01 2.467086e+00 3.026440e+00 4.294978e-01 
46 415 1.957242e+01 0 0 1.242003e-01 2.395262e+00 2.783046e+00 3.944152e-01 
47 424 1.692278e+01 0 0 1.055165e-01 1.982153e+00 2.268481e+00 3.295861e-01 
48 433 1.563053e+01 0 0 9.303275e-02 1.751525e+00 2.181874e+00 2.952481e-01 
49 442 1.656967e+01 0 0 1.047104e-01 1.873019e+00 2.357452e+00 3.011381e-01 
50 451 1.604984e+01 0 0 9.924081e-02 1.782946e+00 2.326356e+00 2.794653e-01 
51 460 1.445225e+01 0 0 8.464054e-02 1.526742e+00 2.028774e+00 2.379949e-01 
52 469 1.232937e+01 0 0 7.023710e-02 1.239969e+00 1.659715e+00 1.979053e-01 
53 478 1.199764e+01 0 0 6.458691e-02 1.136358e+00 1.613597e+00 1.858173e-01 
54 487 1.014695e+01 0 0 5.251639e-02 9.277398e-01 1.325008e+00 1.491776e-01 
55 496 8.785778e+00 0 0 4.337066e-02 7.887387e-01 1.120252e+00 1.217381e-01 
56 505 8.103818e+00 0 0 3.858577e-02 6.899119e-01 1.006252e+00 1.089506e-01 
57 514 8.464634e+00 0 0 3.805814e-02 8.058307e-01 1.021174e+00 1.136469e-01 
58 523 8.177507e+00 0 0 3.547146e-02 7.995523e-01 9.431242e-01 1.037813e-01 
59 532 8.579876e+00 0 0 3.724743e-02 8.406296e-01 9.454855e-01 1.056727e-01 
60 541 8.846514e+00 0 0 3.925387e-02 8.345476e-01 9.367826e-01 1.034384e-01 
61 550 9.701495e+00 0 0 4.115510e-02 9.340002e-01 1.018226e+00 1.277153e-01 
62 559 9.135022e+00 0 0 3.910407e-02 8.595311e-01 9.357562e-01 1.152051e-01 
63 568 9.385277e+00 0 0 4.312619e-02 8.603008e-01 9.079394e-01 1.159059e-01 
64 577 9.322588e+00 0 0 4.338759e-02 8.145915e-01 8.517804e-01 1.093326e-01 
65 586 8.246860e+00 0 0 3.691158e-02 7.117949e-01 7.252935e-01 9.275838e-02 
66 595 7.323063e+00 0 0 3.251227e-02 6.241939e-01 6.196175e-01 8.072943e-02 
67 604 6.594004e+00 0 0 2.823777e-02 5.495309e-01 5.280787e-01 6.888207e-02 
68 613 5.534189e+00 0 0 2.282393e-02 4.405491e-01 4.285611e-01 5.539334e-02 
69 622 5.247992e+00 0 0 2.136431e-02 4.185341e-01 3.918948e-01 4.971943e-02 
70 631 5.769545e+00 0 0 2.306040e-02 4.728602e-01 4.937771e-01 5.289509e-02 
71 640 5.958221e+00 0 0 2.480469e-02 4.739033e-01 4.861024e-01 5.500535e-02 
72 649 5.751389e+00 0 0 2.403359e-02 4.450703e-01 4.652093e-01 5.108625e-02 
73 658 5.630733e+00 0 0 2.394056e-02 4.134786e-01 4.395933e-01 4.710808e-02 
74 667 6.502850e+00 0 0 3.133155e-02 4.755475e-01 5.113567e-01 5.501445e-02 
75 676 8.437973e+00 0 0 4.314434e-02 6.197868e-01 6.613646e-01 7.180790e-02 
76 685 8.880093e+00 0 0 4.333598e-02 6.522481e-01 7.494847e-01 7.452362e-02 
77 694 9.359084e+00 0 0 4.388916e-02 6.657823e-01 7.668294e-01 7.484897e-02 
78 703 9.272512e+00 0 0 4.278914e-02 7.013186e-01 7.926203e-01 7.090786e-02 
79 712 7.830937e+00 0 0 3.419111e-02 5.634987e-01 6.378715e-01 5.712133e-02 
80 721 6.262558e+00 0 0 2.583432e-02 4.316221e-01 4.897148e-01 4.329969e-02 
81 730 6.165698e+00 0 0 2.442894e-02 4.075503e-01 4.635452e-01 4.070630e-02 
82 739 5.421418e+00 0 0 2.024866e-02 3.408957e-01 3.922641e-01 3.423970e-02 
83 748 5.149515e+00 0 0 1.918113e-02 3.216606e-01 3.617442e-01 3.118398e-02 
84 757 5.480505e+00 0 0 2.105693e-02 3.652955e-01 4.352063e-01 3.311598e-02 
85 766 5.141749e+00 0 0 1.973721e-02 3.253384e-01 3.896202e-01 2.957830e-02 
86 775 4.206243e+00 0 0 1.543418e-02 2.566428e-01 3.074995e-01 2.310398e-02 
87 784 3.644760e+00 0 0 1.283753e-02 2.096949e-01 2.547914e-01 1.893439e-02 
88 793 3.463534e+00 0 0 1.283028e-02 1.940670e-01 2.351655e-01 1.785982e-02 
89 802 3.454608e+00 0 0 1.295629e-02 1.832332e-01 2.217896e-01 1.770858e-02 
90 811 2.957148e+00 0 0 1.055570e-02 1.522681e-01 1.829413e-01 1.463372e-02 
91 820 2.902597e+00 0 0 1.000432e-02 1.604383e-01 1.802409e-01 1.538611e-02 
92 829 2.470005e+00 0 0 8.054611e-03 1.380307e-01 1.576395e-01 1.327275e-02 
93 838 2.276081e+00 0 0 7.452586e-03 1.199378e-01 1.374697e-01 1.153426e-02 
94 847 2.138735e+00 0 0 6.657510e-03 1.129822e-01 1.271825e-01 1.059972e-02 
95 856 1.996510e+00 0 0 6.221720e-03 9.987794e-02 1.152627e-01 9.395950e-03 
96 865 2.073364e+00 0 0 6.407725e-03 1.033766e-01 1.163229e-01 9.361804e-03 
97 874 2.139859e+00 0 0 6.277829e-03 1.127729e-01 1.189955e-01 9.335622e-03 
98 883 1.724981e+00 0 0 4.872009e-03 8.792664e-02 9.337183e-02 7.167945e-03 
99 892 1.416424e+00 0 0 3.855703e-03 6.896559e-02 7.441455e-02 5.702150e-03 
100 901 1.362593e+00 0 0 3.723881e-03 6.548297e-02 6.787800e-02 5.212027e-03 
101 910 1.136254e+00 0 0 2.971012e-03 5.239433e-02 5.378059e-02 4.173223e-03 
102 919 1.076379e+00 0 0 2.678623e-03 5.055320e-02 4.956480e-02 3.742095e-03 
103 928 1.173765e+00 0 0 2.867919e-03 6.454351e-02 6.025057e-02 4.403392e-03 
104 937 1.033662e+00 0 0 2.431760e-03 5.435470e-02 5.127677e-02 3.691618e-03 
105 946 8.504668e-01 0 0 1.915411e-03 4.243436e-02 4.004390e-02 2.886689e-03 
106 955 8.621564e-01 0 0 2.084139e-03 4.051882e-02 3.847499e-02 2.780561e-03 
107 964 7.295477e-01 0 0 1.678243e-03 3.347140e-02 3.125311e-02 2.274030e-03 
108 973 6.730048e-01 0 0 1.478917e-03 2.927747e-02 2.811459e-02 1.988087e-03 
109 982 6.170982e-01 0 0 1.306585e-03 2.649747e-02 2.493284e-02 1.719815e-03 
110 991 5.745386e-01 0 0 1.148093e-03 2.489707e-02 2.239735e-02 1.532321e-03 
111 1000 6.294829e-01 0 0 1.235762e-03 2.774698e-02 2.339270e-02 1.639318e-03 
112 1009 6.234608e-01 0 0 1.171787e-03 2.817526e-02 2.489357e-02 1.628474e-03 
113 1018 6.495079e-01 0 0 1.186504e-03 3.264729e-02 2.880395e-02 1.829247e-03 
114 1027 6.753828e-01 0 0 1.253199e-03 3.443073e-02 3.105464e-02 2.002387e-03 
115 1036 5.623509e-01 0 0 1.017554e-03 2.774505e-02 2.507259e-02 1.593115e-03 
116 1045 5.126404e-01 0 0 8.858787e-04 2.482051e-02 2.309734e-02 1.409408e-03 
117 1054 4.512893e-01 0 0 7.347732e-04 2.146717e-02 1.983297e-02 1.208369e-03 
118 1063 4.010031e-01 0 0 6.181936e-04 1.853527e-02 1.698968e-02 1.029099e-03 
119 1072 3.279974e-01 0 0 4.882451e-04 1.483201e-02 1.376133e-02 8.252618e-04 
120 1081 3.305704e-01 0 0 4.823993e-04 1.428358e-02 1.322964e-02 7.949815e-04 
121 1090 3.613943e-01 0 0 5.042228e-04 1.773136e-02 1.753232e-02 9.734182e-04 
122 1099 3.172864e-01 0 0 4.242283e-04 1.491310e-02 1.472827e-02 8.228040e-04 
123 1108 2.955531e-01 0 0 3.815100e-04 1.393756e-02 1.400381e-02 7.773911e-04 
124 1117 3.500640e-01 0 0 4.430077e-04 1.818411e-02 1.985012e-02 9.897205e-04 
125 1126 4.400936e-01 0 0 5.566673e-04 2.418834e-02 2.834890e-02 1.357982e-03 
126 1135 5.115718e-01 0 0 6.357443e-04 2.899743e-02 3.515853e-02 1.579577e-03 
127 1144 4.872812e-01 0 0 5.747996e-04 2.648247e-02 3.250789e-02 1.435291e-03 
128 1153 4.930024e-01 0 0 5.520135e-04 2.595960e-02 3.170462e-02 1.427911e-03 
129 1162 4.240626e-01 0 0 4.622848e-04 2.225383e-02 2.749408e-02 1.213435e-03 
130 1171 4.080336e-01 0 0 4.425521e-04 2.193948e-02 2.629609e-02 1.190259e-03 
131 1180 3.936381e-01 0 0 4.073746e-04 2.082644e-02 2.429111e-02 1.123601e-03 
132 1189 4.454174e-01 0 0 5.276096e-04 2.755402e-02 3.235783e-02 1.522945e-03 
133 1198 5.254385e-01 0 0 6.365744e-04 3.338066e-02 3.956989e-02 1.924521e-03 
134 1207 5.326371e-01 0 0 6.525025e-04 3.550851e-02 4.191458e-02 2.043985e-03 
135 1216 4.884163e-01 0 0 5.705918e-04 3.137478e-02 3.711284e-02 1.816691e-03 
136 1225 4.691323e-01 0 0 5.777230e-04 3.138704e-02 3.739202e-02 1.811457e-03 
137 1234 5.536738e-01 0 0 6.742477e-04 3.557225e-02 4.332139e-02 2.104898e-03 
138 1243 5.085643e-01 0 0 5.950543e-04 3.220032e-02 3.935025e-02 1.901719e-03 
139 1252 5.132931e-01 0 0 5.727793e-04 3.158107e-02 3.774100e-02 1.855323e-03 
140 1261 4.385244e-01 0 0 4.633906e-04 2.600785e-02 3.116593e-02 1.521255e-03 
141 1270 4.247492e-01 0 0 4.283978e-04 2.440753e-02 2.932819e-02 1.456319e-03 
142 1279 3.948293e-01 0 0 3.847554e-04 2.241825e-02 2.714828e-02 1.342225e-03 
143 1288 4.765513e-01 0 0 5.454273e-04 3.291923e-02 4.057247e-02 1.907577e-03 
144 1297 4.942158e-01 0 0 5.946534e-04 3.589507e-02 4.377593e-02 2.089330e-03 
145 1306 5.330510e-01 0 0 6.825163e-04 4.218973e-02 5.018790e-02 2.442525e-03 
146 1315 7.149244e-01 0 0 1.007550e-03 6.133635e-02 7.298157e-02 3.584009e-03 
147 1324 6.883573e-01 0 0 9.541307e-04 5.804691e-02 6.911178e-02 3.401173e-03 
148 1333 6.120822e-01 0 0 8.249995e-04 5.030907e-02 5.949984e-02 2.940630e-03 
149 1342 6.797895e-01 0 0 1.012922e-03 6.066323e-02 7.062950e-02 3.522297e-03 
150 1351 6.114136e-01 0 0 8.916054e-04 5.368527e-02 6.261610e-02 3.116175e-03 
151 1360 5.567268e-01 0 0 7.884311e-04 4.760193e-02 5.521877e-02 2.746043e-03 
152 1369 4.981973e-01 0 0 6.673196e-04 4.021267e-02 4.680362e-02 2.324556e-03 
153 1378 4.569495e-01 0 0 5.945748e-04 3.569902e-02 4.151626e-02 2.065614e-03 
154 1387 4.233737e-01 0 0 5.224319e-04 3.129327e-02 3.641856e-02 1.812657e-03 
155 1396 3.624987e-01 0 0 4.229653e-04 2.545561e-02 2.959317e-02 1.470564e-03 
156 1405 3.200828e-01 0 0 3.666440e-04 2.174020e-02 2.527326e-02 1.255716e-03 
157 1414 3.145418e-01 0 0 3.455118e-04 2.066733e-02 2.420089e-02 1.186444e-03 
158 1423 2.787522e-01 0 0 2.901507e-04 1.748712e-02 2.037984e-02 1.004915e-03 
159 1432 2.558185e-01 0 0 2.525507e-04 1.548014e-02 1.784909e-02 8.908873e-04 
160 1441 2.721155e-01 0 0 2.668123e-04 1.614117e-02 1.895635e-02 9.458961e-04 
161 1450 2.536014e-01 0 0 2.398686e-04 1.450719e-02 1.714958e-02 8.540823e-04 
162 1459 2.114763e-01 0 0 1.906691e-04 1.153831e-02 1.365456e-02 6.777838e-04 
163 1468 1.672423e-01 0 0 1.423327e-04 8.623669e-03 1.020341e-02 5.066650e-04 
164 1477 1.501623e-01 0 0 1.240669e-04 7.656693e-03 9.045960e-03 4.472441e-04 
165 1486 1.563896e-01 0 0 1.395673e-04 8.319426e-03 9.835796e-03 4.805169e-04 
166 1495 1.439232e-01 0 0 1.232655e-04 7.353997e-03 8.656069e-03 4.245634e-04 
167 1504 1.380910e-01 0 0 1.129555e-04 6.731249e-03 7.876898e-03 3.876950e-04 
168 1513 1.175010e-01 0 0 9.214781e-05 5.452678e-03 6.398326e-03 3.138811e-04 
169 1522 9.858888e-02 0 0 7.354219e-05 4.341756e-03 5.098876e-03 2.510021e-04 
170 1531 1.010185e-01 0 0 7.436451e-05 4.349730e-03 5.122626e-03 2.554704e-04 
171 1540 8.828269e-02 0 0 6.235994e-05 3.632202e-03 4.271230e-03 2.132226e-04 
172 1549 7.492071e-02 0 0 5.060695e-05 2.977897e-03 3.483247e-03 1.746840e-04 
173 1558 7.412754e-02 0 0 4.807363e-05 2.790136e-03 3.286096e-03 1.634885e-04 
174 1567 7.498078e-02 0 0 5.112454e-05 2.933914e-03 3.439665e-03 1.693299e-04 
175 1576 6.746546e-02 0 0 4.523025e-05 2.576540e-03 3.019482e-03 1.486920e-04 
176 1585 6.093970e-02 0 0 3.904649e-05 2.199583e-03 2.578968e-03 1.270044e-04 
177 1594 5.817389e-02 0 0 3.535351e-05 2.002065e-03 2.350801e-03 1.156917e-04 
178 1603 6.844371e-02 0 0 3.979988e-05 2.332842e-03 2.740521e-03 1.336575e-04 
179 1612 7.883593e-02 0 0 4.391620e-05 2.539590e-03 2.980811e-03 1.455625e-04 
180 1621 9.534889e-02 0 0 5.012680e-05 2.968802e-03 3.516336e-03 1.707744e-04 
181 1630 1.128946e-01 0 0 6.598328e-05 3.576553e-03 4.265236e-03 2.060267e-04 
182 1639 1.408182e-01 0 0 7.852177e-05 4.591293e-03 5.514557e-03 2.641283e-04 
183 1648 1.820604e-01 0 0 9.737890e-05 6.071548e-03 7.292468e-03 3.483793e-04 
184 1657 2.229446e-01 0 0 1.132550e-04 7.379903e-03 8.808352e-03 4.251408e-04 
185 1666 2.227465e-01 0 0 1.094954e-04 7.018489e-03 8.368045e-03 4.045096e-04 
186 1675 2.550405e-01 0 0 1.296776e-04 8.201314e-03 9.896256e-03 4.798514e-04 
187 1684 2.301195e-01 0 0 1.115182e-04 7.050507e-03 8.518094e-03 4.129845e-04 
188 1693 2.091995e-01 0 0 1.015733e-04 6.246422e-03 7.524369e-03 3.666858e-04 
189 1702 1.931719e-01 0 0 8.895018e-05 5.566463e-03 6.708633e-03 3.286858e-04 
190 1711 1.694338e-01 0 0 7.437175e-05 4.663913e-03 5.619966e-03 2.751621e-04 
191 1720 1.523306e-01 0 0 6.374541e-05 4.030677e-03 4.870522e-03 2.395980e-04 
192 1729 1.367112e-01 0 0 5.636236e-05 3.570654e-03 4.287945e-03 2.122553e-04 
193 1738 1.264002e-01 0 0 5.072426e-05 3.345067e-03 4.026618e-03 1.981284e-04 
194 1747 1.260451e-01 0 0 4.784597e-05 3.162826e-03 3.827337e-03 1.875914e-04 
195 1756 1.121243e-01 0 0 4.301902e-05 2.717921e-03 3.268154e-03 1.605152e-04 
196 1765 8.215785e-02 0 0 2.994423e-05 1.879846e-03 2.260145e-03 1.110170e-04 
197 1774 7.202163e-02 0 0 2.627821e-05 1.617140e-03 1.938064e-03 9.499729e-05 
198 1783 7.955812e-02 0 0 2.773817e-05 1.697122e-03 2.028102e-03 9.939935e-05 
199 1792 9.155973e-02 0 0 3.043315e-05 1.890021e-03 2.219746e-03 1.091619e-04 
200 1801 8.759166e-02 0 0 2.755453e-05 1.707959e-03 2.001448e-03 9.851270e-05 
201 1810 8.510522e-02 0 0 2.542264e-05 1.593056e-03 1.893698e-03 9.238345e-05 
202 1819 8.474460e-02 0 0 2.393597e-05 1.496433e-03 1.783844e-03 8.674766e-05 
203 1828 8.395007e-02 0 0 2.639174e-05 1.574892e-03 1.867413e-03 9.232232e-05 
204 1837 7.191185e-02 0 0 2.150293e-05 1.280491e-03 1.525896e-03 7.520071e-05 
205 1846 6.809768e-02 0 0 1.995465e-05 1.160547e-03 1.366479e-03 6.789121e-05 
206 1855 5.611384e-02 0 0 1.616452e-05 9.393167e-04 1.102053e-03 5.500637e-05 
207 1864 5.538302e-02 0 0 1.631224e-05 9.695616e-04 1.108475e-03 5.638543e-05 
208 1873 4.907087e-02 0 0 1.369509e-05 8.214307e-04 9.437378e-04 4.784458e-05 
209 1882 4.318692e-02 0 0 1.133909e-05 6.805535e-04 7.834758e-04 3.965588e-05 
210 1891 4.099531e-02 0 0 1.024114e-05 6.374360e-04 7.415753e-04 3.713135e-05 
211 1900 4.045972e-02 0 0 9.928472e-06 6.255091e-04 7.169383e-04 3.663488e-05 
212 1909 4.013600e-02 0 0 9.394218e-06 5.910941e-04 6.761027e-04 3.458995e-05 
213 1918 4.385768e-02 0 0 1.135226e-05 6.717133e-04 7.852625e-04 3.954400e-05 
214 1927 4.276449e-02 0 0 1.065631e-05 6.277187e-04 7.454003e-04 3.728148e-05 
215 1936 3.650885e-02 0 0 8.971296e-06 5.142956e-04 6.117574e-04 3.061139e-05 
216 1945 3.832809e-02 0 0 9.817114e-06 5.275816e-04 6.171549e-04 3.102812e-05 
217 1954 3.090218e-02 0 0 7.490325e-06 4.026907e-04 4.711350e-04 2.369012e-05 
218 1963 3.193076e-02 0 0 7.855460e-06 4.216626e-04 4.760473e-04 2.433931e-05 
219 1972 2.769560e-02 0 0 6.512548e-06 3.482185e-04 3.920107e-04 2.006622e-05 
220 1981 2.723589e-02 0 0 6.163847e-06 3.288789e-04 3.750782e-04 1.896072e-05 
221 1990 2.785040e-02 0 0 5.984995e-06 3.203145e-04 3.665844e-04 1.846138e-05 
222 1999 2.290332e-02 0 0 4.678983e-06 2.516081e-04 2.888480e-04 1.445677e-05 
223 2008 2.218526e-02 0 0 4.313103e-06 2.391946e-04 2.705857e-04 1.376599e-05 
224 2017 1.868316e-02 0 0 3.537512e-06 1.980556e-04 2.220392e-04 1.139898e-05 
225 2026 2.028039e-02 0 0 3.730820e-06 2.081374e-04 2.422039e-04 1.219929e-05 
226 2035 2.409282e-02 0 0 4.668972e-06 2.589000e-04 2.910280e-04 1.467760e-05 
227 2044 2.593816e-02 0 0 5.966506e-06 3.299035e-04 3.729469e-04 1.905558e-05 
228 2053 2.542594e-02 0 0 5.638242e-06 3.140119e-04 3.540404e-04 1.805669e-05 
229 2062 2.128064e-02 0 0 4.493792e-06 2.512011e-04 2.823183e-04 1.443935e-05 
230 2071 1.913653e-02 0 0 3.823387e-06 2.160164e-04 2.425257e-04 1.244633e-05 
231 2080 1.782306e-02 0 0 3.361477e-06 1.912643e-04 2.154070e-04 1.104678e-05 
232 2089 1.634230e-02 0 0 3.014084e-06 1.706271e-04 1.953040e-04 9.949884e-06 
233 2098 1.493411e-02 0 0 2.798611e-06 1.552485e-04 1.759523e-04 9.060719e-06 
234 2107 1.410036e-02 0 0 2.549273e-06 1.422341e-04 1.625069e-04 8.383021e-06 
235 2116 1.184405e-02 0 0 2.046687e-06 1.152618e-04 1.322322e-04 6.792269e-06 
236 2125 1.116439e-02 0 0 1.904158e-06 1.062937e-04 1.246027e-04 6.325752e-06 
237 2134 1.110347e-02 0 0 1.879693e-06 1.005013e-04 1.187757e-04 5.992965e-06 
238 2143 1.004417e-02 0 0 1.620229e-06 8.677027e-05 1.025201e-04 5.170788e-06 
239 2152 1.285991e-02 0 0 1.959350e-06 1.072831e-04 1.278594e-04 6.341070e-06 
240 2161 1.439053e-02 0 0 2.129346e-06 1.220648e-04 1.466580e-04 7.140262e-06 
241 2170 1.646969e-02 0 0 2.608541e-06 1.390243e-04 1.658729e-04 8.230770e-06 
242 2179 1.565025e-02 0 0 2.383051e-06 1.255065e-04 1.495310e-04 7.435889e-06 
243 2188 1.528511e-02 0 0 2.300341e-06 1.228243e-04 1.435941e-04 7.321977e-06 
244 2197 1.294083e-02 0 0 1.877039e-06 1.009064e-04 1.186929e-04 6.009223e-06 
245 2206 1.295473e-02 0 0 1.782259e-06 9.677461e-05 1.139159e-04 5.738884e-06 
246 2215 1.264396e-02 0 0 1.658872e-06 8.945924e-05 1.050539e-04 5.289777e-06 
247 2224 1.080497e-02 0 0 1.356926e-06 7.385297e-05 8.681285e-05 4.337648e-06 
248 2233 9.425351e-03 0 0 1.134580e-06 6.319640e-05 7.305096e-05 3.676293e-06 
249 2242 9.878325e-03 0 0 1.138378e-06 6.333119e-05 7.327071e-05 3.751265e-06 
250 2251 9.316789e-03 0 0 1.015405e-06 5.636066e-05 6.554167e-05 3.359805e-06 
251 2260 7.333561e-03 0 0 7.575163e-07 4.211705e-05 4.897223e-05 2.508931e-06 
252 2269 7.074820e-03 0 0 6.903219e-07 3.957840e-05 4.628050e-05 2.381331e-06 
253 2278 7.232774e-03 0 0 6.865682e-07 3.894761e-05 4.606452e-05 2.383505e-06 
254 2287 7.589727e-03 0 0 6.967583e-07 3.860343e-05 4.584339e-05 2.371423e-06 
255 2296 7.122428e-03 0 0 6.163726e-07 3.434888e-05 4.094049e-05 2.127704e-06 
256 2305 6.191453e-03 0 0 5.345928e-07 3.002679e-05 3.546494e-05 1.845966e-06 
257 2314 5.190903e-03 0 0 4.435439e-07 2.422259e-05 2.864885e-05 1.493187e-06 
258 2323 4.279031e-03 0 0 3.506548e-07 1.907679e-05 2.251548e-05 1.174406e-06 
259 2332 4.176627e-03 0 0 3.423137e-07 1.805092e-05 2.165090e-05 1.120488e-06 
260 2341 4.043956e-03 0 0 3.431696e-07 1.736156e-05 2.077892e-05 1.081258e-06 
261 2350 3.763228e-03 0 0 3.229252e-07 1.632955e-05 1.920242e-05 1.023566e-06 
262 2359 3.043861e-03 0 0 2.507352e-07 1.278949e-05 1.493503e-05 8.020421e-07 
263 2368 2.950584e-03 0 0 2.365103e-07 1.172785e-05 1.368264e-05 7.368841e-07 
264 2377 3.069363e-03 0 0 2.361127e-07 1.160019e-05 1.347492e-05 7.282062e-07 
265 2386 2.560027e-03 0 0 1.868360e-07 9.121939e-06 1.061328e-05 5.729248e-07 
266 2395 2.133719e-03 0 0 1.482954e-07 7.201457e-06 8.357263e-06 4.528181e-07 
267 2404 2.283648e-03 0 0 1.526588e-07 7.688400e-06 8.756696e-06 4.671184e-07 
268 2413 2.341464e-03 0 0 1.729735e-07 8.712580e-06 9.767097e-06 5.351657e-07 
269 2422 2.647006e-03 0 0 2.124915e-07 1.023393e-05 1.119309e-05 6.136105e-07 
270 2431 2.479301e-03 0 0 1.893059e-07 9.103410e-06 9.952803e-06 5.452490e-07 
271 2440 2.464482e-03 0 0 1.908158e-07 8.951586e-06 9.830270e-06 5.396055e-07 
272 2449 2.257777e-03 0 0 1.670343e-07 7.733491e-06 8.499938e-06 4.666224e-07 
273 2458 2.108584e-03 0 0 1.482896e-07 6.937631e-06 7.658016e-06 4.169238e-07 
274 2467 2.115854e-03 0 0 1.544058e-07 6.935969e-06 7.657209e-06 4.166345e-07 
275 2476 2.476927e-03 0 0 1.892771e-07 7.881070e-06 8.815257e-06 4.709787e-07 
276 2485 2.540332e-03 0 0 1.891375e-07 8.076192e-06 9.071137e-06 4.856554e-07 
277 2494 3.061777e-03 0 0 2.332875e-07 1.122742e-05 1.331240e-05 6.899936e-07 
278 2503 2.869331e-03 0 0 2.098023e-07 1.028850e-05 1.224197e-05 6.334449e-07 
279 2512 2.448377e-03 0 0 1.718913e-07 8.638897e-06 1.042185e-05 5.366631e-07 
280 2521 2.581894e-03 0 0 1.876557e-07 1.034472e-05 1.252736e-05 6.448155e-07 
281 2530 2.325010e-03 0 0 1.625368e-07 9.101513e-06 1.102236e-05 5.658994e-07 
282 2539 2.069148e-03 0 0 1.381625e-07 7.878715e-06 9.498495e-06 4.882767e-07 
283 2548 1.866101e-03 0 0 1.203097e-07 6.983593e-06 8.473909e-06 4.328096e-07 
284 2557 1.806242e-03 0 0 1.215025e-07 6.778744e-06 8.203301e-06 4.216998e-07 
285 2566 1.610470e-03 0 0 1.073925e-07 5.956706e-06 7.135850e-06 3.704044e-07 
286 2575 1.397189e-03 0 0 8.946013e-08 4.954979e-06 5.932969e-06 3.080513e-07 
287 2584 1.146464e-03 0 0 7.051281e-08 3.858891e-06 4.613900e-06 2.396700e-07 
288 2593 1.000153e-03 0 0 5.868261e-08 3.192604e-06 3.808382e-06 1.981419e-07 
289 2602 1.022472e-03 0 0 5.919851e-08 3.090497e-06 3.692538e-06 1.917242e-07 
290 2611 8.935057e-04 0 0 4.960493e-08 2.570078e-06 3.069659e-06 1.596571e-07 
291 2620 8.527523e-04 0 0 4.688312e-08 2.354097e-06 2.824423e-06 1.465702e-07 
292 2629 8.033327e-04 0 0 4.658332e-08 2.307947e-06 2.783517e-06 1.423954e-07 
293 2638 8.030503e-04 0 0 4.529554e-08 2.317650e-06 2.786016e-06 1.439145e-07 
294 2647 7.001603e-04 0 0 3.794226e-08 1.964384e-06 2.342528e-06 1.215897e-07 
295 2656 6.263401e-04 0 0 3.239403e-08 1.690866e-06 2.001119e-06 1.041322e-07 
296 2665 5.241734e-04 0 0 2.588381e-08 1.342307e-06 1.596450e-06 8.277436e-08 
297 2674 4.861825e-04 0 0 2.357948e-08 1.223288e-06 1.454060e-06 7.481167e-08 
298 2683 6.073171e-04 0 0 2.863509e-08 1.457302e-06 1.719800e-06 8.848590e-08 
299 2692 5.795499e-04 0 0 2.599740e-08 1.325180e-06 1.568405e-06 8.059817e-08 
300 2701 5.146729e-04 0 0 2.295186e-08 1.167700e-06 1.364946e-06 7.060297e-08 
301 2710 4.426146e-04 0 0 1.893518e-08 9.530676e-07 1.114649e-06 5.756584e-08 
302 2719 4.027019e-04 0 0 1.726359e-08 8.546671e-07 9.906782e-07 5.128499e-08 
303 2728 3.695047e-04 0 0 1.502568e-08 7.449908e-07 8.611674e-07 4.469697e-08 
304 2737 3.112746e-04 0 0 1.220347e-08 6.050768e-07 6.956172e-07 3.619011e-08 
305 2746 2.930678e-04 0 0 1.150941e-08 5.568872e-07 6.454110e-07 3.319731e-08 
306 2755 2.619436e-04 0 0 9.777104e-09 4.700871e-07 5.460638e-07 2.802741e-08 
307 2764 2.580781e-04 0 0 9.630162e-09 4.864239e-07 5.668407e-07 2.887208e-08 
308 2773 2.531342e-04 0 0 9.048089e-09 4.702904e-07 5.493083e-07 2.787809e-08 
309 2782 2.416700e-04 0 0 8.280678e-09 4.293669e-07 4.971207e-07 2.534925e-08 
310 2791 2.075673e-04 0 0 6.746912e-09 3.511420e-07 4.045967e-07 2.072469e-08 
311 2800 2.035897e-04 0 0 6.536455e-09 3.497510e-07 4.085266e-07 2.056485e-08 
312 2809 1.988140e-04 0 0 6.134378e-09 3.242979e-07 3.793256e-07 1.909442e-08 
313 2818 1.626825e-04 0 0 4.746889e-09 2.507478e-07 2.933710e-07 1.479322e-08 
314 2827 1.337227e-04 0 0 3.781902e-09 1.992709e-07 2.328082e-07 1.174112e-08 
315 2836 1.348898e-04 0 0 3.741528e-09 2.138257e-07 2.483046e-07 1.263631e-08 
316 2845 1.344853e-04 0 0 3.540899e-09 2.035747e-07 2.376903e-07 1.207627e-08 
317 2854 1.338792e-04 0 0 3.663688e-09 2.146236e-07 2.517728e-07 1.283655e-08 
318 2863 1.310654e-04 0 0 3.608775e-09 2.107883e-07 2.513301e-07 1.267500e-08 
319 2872 1.416092e-04 0 0 3.992509e-09 2.516850e-07 2.992136e-07 1.502307e-08 
320 2881 1.222229e-04 0 0 3.333421e-09 2.111286e-07 2.528071e-07 1.263585e-08 
321 2890 1.100670e-04 0 0 2.858432e-09 1.800042e-07 2.151811e-07 1.076414e-08 
322 2899 9.872122e-05 0 0 2.447670e-09 1.536111e-07 1.830473e-07 9.176236e-09 
323 2908 8.840407e-05 0 0 2.073485e-09 1.300826e-07 1.544816e-07 7.753350e-09 
324 2917 8.616716e-05 0 0 2.052792e-09 1.227795e-07 1.455759e-07 7.315530e-09 
325 2926 8.642961e-05 0 0 1.988580e-09 1.241051e-07 1.478464e-07 7.354563e-09 
326 2935 8.422167e-05 0 0 1.863086e-09 1.153751e-07 1.371642e-07 6.838481e-09 
327 2944 7.532096e-05 0 0 1.608995e-09 9.771772e-08 1.160848e-07 5.797528e-09 
328 2953 6.431087e-05 0 0 1.303916e-09 7.934664e-08 9.414247e-08 4.693389e-09 
329 2962 5.315449e-05 0 0 1.037768e-09 6.231320e-08 7.399098e-08 3.687022e-09 
330 2971 4.822528e-05 0 0 8.889970e-10 5.346248e-08 6.387620e-08 3.173460e-09 
331 2980 4.273788e-05 0 0 7.559695e-10 4.517081e-08 5.395370e-08 2.675818e-09 
332 2989 4.695007e-05 0 0 9.413374e-10 5.490281e-08 6.455015e-08 3.188353e-09 
333 2998 4.138014e-05 0 0 8.027784e-10 4.652618e-08 5.465573e-08 2.698055e-09 
334 3007 3.629118e-05 0 0 6.760424e-10 3.928825e-08 4.590268e-08 2.275996e-09 
335 3016 3.105431e-05 0 0 5.477115e-10 3.188265e-08 3.721736e-08 1.847559e-09 
336 3025 2.767808e-05 0 0 4.679243e-10 2.675656e-08 3.121330e-08 1.549764e-09 
337 3034 2.753319e-05 0 0 4.977606e-10 2.720637e-08 3.159475e-08 1.571155e-09 
338 3043 2.571533e-05 0 0 4.504293e-10 2.445018e-08 2.847212e-08 1.410009e-09 
339 3052 2.648066e-05 0 0 4.412136e-10 2.388731e-08 2.779165e-08 1.373891e-09 
340 3061 3.013501e-05 0 0 4.931926e-10 2.631763e-08 3.083127e-08 1.522959e-09 
341 3070 3.796380e-05 0 0 6.282226e-10 3.290253e-08 3.873510e-08 1.905409e-09 
342 3079 4.170092e-05 0 0 6.609480e-10 3.451133e-08 4.098656e-08 2.008055e-09 
343 3088 3.586380e-05 0 0 5.373778e-10 2.853070e-08 3.373378e-08 1.651908e-09 
344 3097 3.375869e-05 0 0 4.838275e-10 2.589216e-08 3.035179e-08 1.502126e-09 
345 3106 2.803690e-05 0 0 3.822775e-10 2.052016e-08 2.397809e-08 1.188709e-09 
346 3115 2.868222e-05 0 0 4.349087e-10 2.027021e-08 2.370669e-08 1.174998e-09 
347 3124 2.897188e-05 0 0 4.333895e-10 1.950061e-08 2.275309e-08 1.129184e-09 
348 3133 2.906537e-05 0 0 4.174541e-10 1.950782e-08 2.318134e-08 1.136685e-09 
349 3142 2.873709e-05 0 0 4.018709e-10 2.013778e-08 2.396649e-08 1.184179e-09 
350 3151 2.419194e-05 0 0 3.192805e-10 1.619703e-08 1.920087e-08 9.506468e-10 
351 3160 2.022376e-05 0 0 2.537136e-10 1.301522e-08 1.544021e-08 7.642581e-10 
352 3169 1.999222e-05 0 0 2.411121e-10 1.282591e-08 1.511901e-08 7.550675e-10 
353 3178 2.426675e-05 0 0 3.522287e-10 1.694786e-08 2.040948e-08 1.018477e-09 
354 3187 2.290679e-05 0 0 3.291504e-10 1.600808e-08 1.910879e-08 9.593067e-10 
355 3196 1.795670e-05 0 0 2.443689e-10 1.193767e-08 1.424400e-08 7.159069e-10 
356 3205 1.588785e-05 0 0 2.058008e-10 1.046385e-08 1.248268e-08 6.258770e-10 
357 3214 1.589576e-05 0 0 1.961133e-10 1.062436e-08 1.252198e-08 6.351861e-10 
358 3223 1.523380e-05 0 0 1.906404e-10 1.010579e-08 1.188007e-08 6.062225e-10 
359 3232 1.465433e-05 0 0 1.834867e-10 1.029970e-08 1.218808e-08 6.196214e-10 
360 3241 1.602177e-05 0 0 1.936217e-10 1.098245e-08 1.291095e-08 6.635524e-10 
361 3250 1.462531e-05 0 0 1.773674e-10 9.829202e-09 1.153612e-08 5.929270e-10 
362 3259 1.375669e-05 0 0 1.604891e-10 8.839664e-09 1.038682e-08 5.329291e-10 
363 3268 1.239136e-05 0 0 1.386463e-10 7.823023e-09 9.230494e-09 4.728436e-10 
364 3277 1.277412e-05 0 0 1.371539e-10 7.756705e-09 9.235457e-09 4.706915e-10 
365 3286 1.244301e-05 0 0 1.277900e-10 7.219967e-09 8.577061e-09 4.395934e-10 
366 3295 1.044517e-05 0 0 1.041456e-10 5.911926e-09 7.018041e-09 3.598497e-10 
367 3304 8.293100e-06 0 0 7.808428e-11 4.443944e-09 5.277375e-09 2.704302e-10 
368 3313 7.443999e-06 0 0 6.895018e-11 4.005374e-09 4.791790e-09 2.433003e-10 
369 3322 5.841079e-06 0 0 5.109934e-11 2.974410e-09 3.556896e-09 1.806250e-10 
370 3331 6.657698e-06 0 0 5.669132e-11 3.237407e-09 3.850176e-09 1.952924e-10 
371 3340 6.393880e-06 0 0 5.173291e-11 2.964251e-09 3.519040e-09 1.784679e-10 
372 3349 6.368443e-06 0 0 4.858450e-11 2.788344e-09 3.314372e-09 1.680522e-10 
373 3358 5.950304e-06 0 0 4.590137e-11 2.621423e-09 3.090671e-09 1.574992e-10 
374 3367 4.907136e-06 0 0 3.585629e-11 2.062787e-09 2.428732e-09 1.237007e-10 
375 3376 4.653161e-06 0 0 3.483944e-11 1.953859e-09 2.303792e-09 1.177474e-10 
376 3385 4.221782e-06 0 0 2.994684e-11 1.679144e-09 1.982096e-09 1.010745e-10 
377 3394 4.094736e-06 0 0 2.884740e-11 1.554125e-09 1.835312e-09 9.325955e-11 
378 3403 4.225486e-06 0 0 2.937417e-11 1.577404e-09 1.856066e-09 9.441037e-11 
379 3412 4.355453e-06 0 0 2.904003e-11 1.556688e-09 1.828069e-09 9.258362e-11 
380 3421 4.065636e-06 0 0 2.617304e-11 1.475478e-09 1.730829e-09 8.750365e-11 
381 3430 3.738596e-06 0 0 2.319315e-11 1.299850e-09 1.522782e-09 7.714335e-11 
382 3439 3.312533e-06 0 0 1.983114e-11 1.120392e-09 1.316559e-09 6.661126e-11 
1 3458 1.550185e+02 0 0 1.770894e+00 1.410300e+02 5.597375e+01 3.485730e+00 
2 3475 1.372007e+02 0 0 1.486880e+00 1.156857e+02 4.615725e+01 3.022999e+00 
3 3492 1.472912e+02 0 0 1.863982e+00 1.116815e+02 4.470820e+01 3.118859e+00 
4 3509 1.703068e+02 0 0 2.492520e+00 1.165532e+02 4.684675e+01 3.721363e+00 
5 3526 1.687532e+02 0 0 2.483593e+00 1.052181e+02 4.326927e+01 3.657089e+00 
6 3543 1.305705e+02 0 0 1.785888e+00 7.353874e+01 3.040550e+01 2.584262e+00 
7 3560 1.247880e+02 0 0 1.644208e+00 6.338772e+01 2.802879e+01 2.425672e+00 
8 3577 1.013065e+02 0 0 1.228223e+00 4.631407e+01 2.108149e+01 1.865390e+00 
9 3594 9.339754e+01 0 0 1.045510e+00 3.832497e+01 1.770956e+01 1.728538e+00 
10 3611 8.592716e+01 0 0 8.911916e-01 3.234350e+01 1.595521e+01 1.554307e+00 
11 3628 6.699218e+01 0 0 6.274202e-01 2.283978e+01 1.131975e+01 1.145360e+00 
12 3645 5.344184e+01 0 0 4.576494e-01 1.643469e+01 8.604366e+00 8.535103e-01 
13 3662 4.443446e+01 0 0 3.834775e-01 1.254493e+01 6.760261e+00 6.980957e-01 
14 3679 3.568196e+01 0 0 2.909665e-01 9.400183e+00 5.317517e+00 5.173711e-01 
15 3696 3.236067e+01 0 0 2.647899e-01 7.783079e+00 4.529796e+00 4.649589e-01 
16 3713 3.375875e+01 0 0 2.936461e-01 7.428693e+00 4.695689e+00 4.400097e-01 
17 3730 4.554974e+01 0 0 3.869622e-01 9.336201e+00 6.047124e+00 6.004740e-01 
18 3747 4.443029e+01 0 0 3.507996e-01 8.271725e+00 5.618808e+00 5.256364e-01 
19 3764 5.594358e+01 0 0 4.556381e-01 9.972311e+00 7.363980e+00 7.941572e-01 
20 3781 5.879343e+01 0 0 4.602030e-01 9.701251e+00 7.493204e+00 8.658719e-01 
21 3798 6.282455e+01 0 0 4.807151e-01 1.041330e+01 7.587790e+00 8.616265e-01 
22 3815 5.506437e+01 0 0 4.126508e-01 8.609280e+00 6.641715e+00 7.130837e-01 
23 3832 4.601093e+01 0 0 3.201815e-01 6.566305e+00 5.450737e+00 5.709039e-01 
24 3849 3.826624e+01 0 0 2.655166e-01 4.971477e+00 4.289164e+00 4.358597e-01 
25 3866 3.596988e+01 0 0 2.414345e-01 4.410740e+00 3.686739e+00 3.931064e-01 
26 3883 3.565893e+01 0 0 2.240826e-01 4.203399e+00 3.441351e+00 3.847985e-01 
27 3900 4.028037e+01 0 0 2.555360e-01 4.504396e+00 4.079031e+00 4.851060e-01 
28 3917 3.780302e+01 0 0 2.299567e-01 4.109405e+00 3.826760e+00 4.376939e-01 
29 3934 3.537330e+01 0 0 1.939813e-01 3.580115e+00 3.298440e+00 3.934990e-01 
30 3951 3.697364e+01 0 0 1.863536e-01 3.423840e+00 3.272771e+00 4.394736e-01 
31 3968 3.670787e+01 0 0 1.755356e-01 3.175518e+00 3.022476e+00 4.403527e-01 
32 3985 3.930539e+01 0 0 1.842274e-01 3.085143e+00 3.199240e+00 4.698690e-01 
33 4002 3.377337e+01 0 0 1.567160e-01 2.445559e+00 2.527446e+00 3.730167e-01 
34 4019 2.491031e+01 0 0 1.087202e-01 1.689831e+00 1.704445e+00 2.484492e-01 
35 4036 2.340285e+01 0 0 1.036083e-01 1.463851e+00 1.552149e+00 2.109317e-01 
36 4053 2.533681e+01 0 0 1.067872e-01 1.491822e+00 1.623987e+00 2.184367e-01 
37 4070 1.865075e+01 0 0 7.450497e-02 1.017585e+00 1.094962e+00 1.465495e-01 
38 4087 2.089842e+01 0 0 8.363033e-02 1.056708e+00 1.378824e+00 1.505455e-01 
39 4104 2.253179e+01 0 0 9.055588e-02 1.056281e+00 1.434257e+00 1.474870e-01 
40 4121 2.232608e+01 0 0 9.372036e-02 1.000641e+00 1.360725e+00 1.348406e-01 
41 4138 2.079590e+01 0 0 8.777461e-02 9.061692e-01 1.150947e+00 1.154858e-01 
42 4155 2.013592e+01 0 0 8.440412e-02 8.449698e-01 1.049901e+00 1.026083e-01 
43 4172 2.178292e+01 0 0 9.557503e-02 9.454882e-01 1.161394e+00 9.974766e-02 
44 4189 1.954757e+01 0 0 8.874850e-02 7.761892e-01 9.696356e-01 8.055721e-02 
45 4206 1.752285e+01 0 0 7.904236e-02 6.711372e-01 7.954997e-01 6.551519e-02 
46 4223 1.257241e+01 0 0 5.373121e-02 4.372606e-01 5.253967e-01 4.256195e-02 
47 4240 1.585421e+01 0 0 7.599129e-02 5.167354e-01 6.864803e-01 4.864980e-02 
48 4257 1.472028e+01 0 0 6.882317e-02 4.542201e-01 6.023314e-01 4.227418e-02 
49 4274 1.311571e+01 0 0 5.916528e-02 3.941452e-01 5.332905e-01 3.430397e-02 
50 4291 1.304645e+01 0 0 5.716070e-02 4.029418e-01 5.118627e-01 3.246839e-02 
51 4308 1.244087e+01 0 0 5.279164e-02 3.673496e-01 4.651049e-01 2.827488e-02 
52 4325 1.416369e+01 0 0 6.894096e-02 3.893557e-01 4.780782e-01 3.064638e-02 
53 4342 1.493723e+01 0 0 6.955535e-02 3.991094e-01 4.783602e-01 3.030600e-02 
54 4359 1.261879e+01 0 0 5.523962e-02 3.536803e-01 4.164102e-01 2.488894e-02 
55 4376 1.189854e+01 0 0 4.888550e-02 3.288512e-01 3.738343e-01 2.295612e-02 
56 4393 1.159226e+01 0 0 4.270585e-02 3.157503e-01 3.394856e-01 2.250075e-02 
57 4410 9.060679e+00 0 0 3.050748e-02 2.300504e-01 2.572079e-01 1.698730e-02 
58 4427 8.472440e+00 0 0 2.609122e-02 2.047339e-01 2.237588e-01 1.517870e-02 
59 4444 7.370931e+00 0 0 2.148638e-02 1.620492e-01 1.795807e-01 1.288757e-02 
60 4461 7.313799e+00 0 0 2.099321e-02 1.596596e-01 1.971284e-01 1.325665e-02 
61 4478 6.593923e+00 0 0 1.799765e-02 1.330630e-01 1.736816e-01 1.107394e-02 
62 4495 7.212679e+00 0 0 1.813432e-02 1.461944e-01 1.825242e-01 1.120330e-02 
63 4512 6.487818e+00 0 0 1.470796e-02 1.305167e-01 1.597290e-01 9.645795e-03 
64 4529 5.503064e+00 0 0 1.133095e-02 1.171849e-01 1.376312e-01 8.573128e-03 
65 4546 5.217689e+00 0 0 1.027975e-02 1.060635e-01 1.255070e-01 8.146136e-03 
66 4563 5.266666e+00 0 0 9.616744e-03 1.203043e-01 1.339665e-01 9.597850e-03 
67 4580 5.186479e+00 0 0 8.471825e-03 1.175623e-01 1.306930e-01 9.159158e-03 
68 4597 4.681525e+00 0 0 6.882925e-03 9.758600e-02 1.107930e-01 7.680524e-03 
69 4614 4.141834e+00 0 0 5.493349e-03 8.384002e-02 9.355699e-02 6.517270e-03 
70 4631 3.622724e+00 0 0 4.417533e-03 7.802007e-02 8.221895e-02 5.682196e-03 
71 4648 2.948866e+00 0 0 3.285763e-03 6.144912e-02 6.227012e-02 4.240806e-03 
72 4665 2.926452e+00 0 0 3.003424e-03 5.691198e-02 6.279964e-02 4.013983e-03 
73 4682 3.599566e+00 0 0 3.420274e-03 7.244974e-02 7.304363e-02 4.669117e-03 
74 4699 3.545486e+00 0 0 3.187775e-03 7.166707e-02 6.954268e-02 4.377884e-03 
75 4716 3.152027e+00 0 0 2.705799e-03 5.963084e-02 5.948039e-02 3.660088e-03 
76 4733 2.464221e+00 0 0 1.947456e-03 4.351865e-02 4.460848e-02 2.706832e-03 
77 4750 2.102521e+00 0 0 1.560264e-03 3.652902e-02 3.612051e-02 2.192699e-03 
78 4767 1.712785e+00 0 0 1.198217e-03 2.857454e-02 2.821309e-02 1.696325e-03 
79 4784 1.696718e+00 0 0 1.084144e-03 2.741760e-02 2.842625e-02 1.676988e-03 
80 4801 1.694049e+00 0 0 1.067762e-03 2.957434e-02 3.088566e-02 1.858351e-03 
81 4818 1.903723e+00 0 0 1.176012e-03 3.168943e-02 3.702873e-02 2.117239e-03 
82 4835 2.089162e+00 0 0 1.176111e-03 3.705999e-02 4.598486e-02 2.457134e-03 
83 4852 1.911387e+00 0 0 9.790217e-04 3.515138e-02 4.286257e-02 2.220889e-03 
84 4869 1.549112e+00 0 0 7.452859e-04 2.681433e-02 3.271230e-02 1.679233e-03 
85 4886 1.664962e+00 0 0 7.342258e-04 2.918353e-02 3.831390e-02 1.919631e-03 
86 4903 1.590549e+00 0 0 6.478592e-04 2.787639e-02 3.722812e-02 1.815147e-03 
87 4920 1.384611e+00 0 0 5.351182e-04 2.405673e-02 3.192588e-02 1.579793e-03 
88 4937 1.529560e+00 0 0 6.271226e-04 2.772151e-02 3.365972e-02 1.723951e-03 
89 4954 1.136116e+00 0 0 4.244553e-04 1.907566e-02 2.288105e-02 1.170583e-03 
90 4971 1.245639e+00 0 0 4.845622e-04 2.023958e-02 2.469967e-02 1.210908e-03 
91 4988 1.017191e+00 0 0 3.593678e-04 1.560769e-02 1.893841e-02 9.204878e-04 
92 5005 8.774613e-01 0 0 2.934109e-04 1.248120e-02 1.501990e-02 7.403725e-04 
93 5022 8.436787e-01 0 0 2.743817e-04 1.134168e-02 1.352969e-02 6.768081e-04 
94 5039 7.376388e-01 0 0 2.179821e-04 9.459943e-03 1.125714e-02 5.561138e-04 
95 5056 7.427234e-01 0 0 2.170047e-04 1.005844e-02 1.198687e-02 5.646691e-04 
96 5073 6.422191e-01 0 0 1.834535e-04 8.324669e-03 9.867614e-03 4.683359e-04 
97 5090 6.649561e-01 0 0 1.819267e-04 8.379313e-03 9.598970e-03 4.648568e-04 
98 5107 5.945809e-01 0 0 1.496149e-04 7.433706e-03 8.571895e-03 4.235335e-04 
99 5124 5.287635e-01 0 0 1.244877e-04 6.107037e-03 6.965033e-03 3.502998e-04 
100 5141 4.542187e-01 0 0 1.013851e-04 4.845974e-03 5.516446e-03 2.775089e-04 
101 5158 4.251928e-01 0 0 8.794140e-05 4.211258e-03 4.768403e-03 2.407695e-04 
102 5175 3.948560e-01 0 0 7.472438e-05 3.606151e-03 4.051845e-03 2.071658e-04 
103 5192 3.320288e-01 0 0 6.112354e-05 2.973000e-03 3.269930e-03 1.698627e-04 
104 5209 3.095155e-01 0 0 5.468783e-05 2.629855e-03 3.002527e-03 1.524658e-04 
105 5226 2.826481e-01 0 0 4.731526e-05 2.182139e-03 2.484213e-03 1.266720e-04 
106 5243 2.853761e-01 0 0 4.902613e-05 2.226447e-03 2.453338e-03 1.246588e-04 
107 5260 2.924621e-01 0 0 4.714042e-05 2.300103e-03 2.529128e-03 1.316658e-04 
108 5277 3.031707e-01 0 0 4.760584e-05 2.227883e-03 2.472477e-03 1.308438e-04 
109 5294 3.049987e-01 0 0 4.414007e-05 2.304718e-03 2.620670e-03 1.378881e-04 
110 5311 2.400790e-01 0 0 3.184534e-05 1.667954e-03 1.903829e-03 1.003769e-04 
111 5328 2.548939e-01 0 0 3.213577e-05 1.731027e-03 2.009961e-03 1.078233e-04 
112 5345 2.626876e-01 0 0 3.229752e-05 1.675110e-03 1.942979e-03 1.042221e-04 
113 5362 2.163553e-01 0 0 2.436773e-05 1.259288e-03 1.473493e-03 7.858098e-05 
114 5379 1.817176e-01 0 0 1.904366e-05 1.002759e-03 1.177279e-03 6.251642e-05 
115 5396 1.679323e-01 0 0 1.682168e-05 8.984233e-04 1.027503e-03 5.437812e-05 
116 5413 1.643528e-01 0 0 1.535955e-05 9.125258e-04 1.064864e-03 5.601954e-05 
117 5430 1.617214e-01 0 0 1.498317e-05 8.132276e-04 9.467266e-04 4.995026e-05 
118 5447 1.578406e-01 0 0 1.524390e-05 8.057607e-04 9.180419e-04 4.917170e-05 
119 5464 1.393431e-01 0 0 1.315108e-05 7.194329e-04 8.275483e-04 4.389795e-05 
120 5481 1.163530e-01 0 0 1.011996e-05 5.572098e-04 6.472438e-04 3.417111e-05 
121 5498 1.058283e-01 0 0 8.697751e-06 4.801316e-04 5.585094e-04 2.944024e-05 
122 5515 1.003253e-01 0 0 8.262350e-06 4.575206e-04 5.241273e-04 2.791153e-05 
123 5532 9.445260e-02 0 0 7.100999e-06 4.093924e-04 4.684710e-04 2.509478e-05 
124 5549 1.063197e-01 0 0 7.865777e-06 4.280182e-04 4.920387e-04 2.621150e-05 
125 5566 9.452875e-02 0 0 6.655687e-06 3.690625e-04 4.224166e-04 2.241338e-05 
126 5583 9.294356e-02 0 0 6.088324e-06 3.345161e-04 3.827753e-04 2.048226e-05 
127 5600 9.044235e-02 0 0 5.354650e-06 2.952996e-04 3.394156e-04 1.805960e-05 
128 5617 9.404181e-02 0 0 5.552030e-06 3.306537e-04 3.700208e-04 1.956072e-05 
129 5634 7.725046e-02 0 0 4.299069e-06 2.624881e-04 2.927957e-04 1.538348e-05 
130 5651 7.216428e-02 0 0 3.818747e-06 2.242492e-04 2.501146e-04 1.315433e-05 
131 5668 6.124673e-02 0 0 2.966459e-06 1.810189e-04 2.027156e-04 1.073099e-05 
132 5685 4.844392e-02 0 0 2.211652e-06 1.346964e-04 1.493338e-04 7.897384e-06 
133 5702 4.551084e-02 0 0 1.949039e-06 1.152724e-04 1.290161e-04 6.846885e-06 
134 5719 4.036057e-02 0 0 1.569184e-06 9.419213e-05 1.058515e-04 5.612583e-06 
135 5736 4.353811e-02 0 0 1.583012e-06 9.320466e-05 1.032763e-04 5.534488e-06 
136 5753 4.599976e-02 0 0 1.670777e-06 9.046805e-05 9.971919e-05 5.351327e-06 
137 5770 4.432513e-02 0 0 1.473551e-06 8.362154e-05 9.285957e-05 4.915350e-06 
138 5787 3.576542e-02 0 0 1.136548e-06 6.387499e-05 7.031802e-05 3.748865e-06 
139 5804 2.882730e-02 0 0 8.460165e-07 4.826238e-05 5.316636e-05 2.846215e-06 
140 5821 2.291704e-02 0 0 6.433439e-07 3.579061e-05 3.939399e-05 2.108958e-06 
141 5838 2.247938e-02 0 0 5.762530e-07 3.153505e-05 3.458640e-05 1.855984e-06 
142 5855 2.245575e-02 0 0 6.030733e-07 3.124553e-05 3.361394e-05 1.788355e-06 
143 5872 1.990948e-02 0 0 5.139450e-07 2.692326e-05 2.919943e-05 1.540106e-06 
144 5889 1.811261e-02 0 0 4.250262e-07 2.231575e-05 2.430527e-05 1.287783e-06 
145 5906 1.775567e-02 0 0 3.845305e-07 1.986817e-05 2.182705e-05 1.161429e-06 
146 5923 1.570593e-02 0 0 3.223947e-07 1.651719e-05 1.839112e-05 9.761979e-07 
147 5940 1.387753e-02 0 0 2.635270e-07 1.354262e-05 1.522468e-05 8.125879e-07 
148 5957 1.168217e-02 0 0 2.016775e-07 1.040009e-05 1.187306e-05 6.326895e-07 
149 5974 1.112683e-02 0 0 1.812178e-07 9.011194e-06 1.034710e-05 5.451361e-07 
150 5991 9.564177e-03 0 0 1.415488e-07 7.026997e-06 8.059032e-06 4.233715e-07 
151 6008 8.894781e-03 0 0 1.289753e-07 6.204954e-06 7.201240e-06 3.734039e-07 
152 6025 8.681294e-03 0 0 1.225618e-07 5.646349e-06 6.389432e-06 3.351263e-07 
153 6042 7.853876e-03 0 0 1.020892e-07 4.687594e-06 5.414994e-06 2.809065e-07 
154 6059 6.626867e-03 0 0 8.190729e-08 3.804339e-06 4.341478e-06 2.279250e-07 
155 6076 7.382002e-03 0 0 8.796230e-08 4.666818e-06 5.392367e-06 2.977568e-07 
156 6093 6.426935e-03 0 0 7.168541e-08 3.920025e-06 4.586728e-06 2.493728e-07 
157 6110 5.974894e-03 0 0 6.090288e-08 3.335148e-06 3.939039e-06 2.140719e-07 
158 6127 5.175484e-03 0 0 4.873804e-08 2.676107e-06 3.170535e-06 1.720150e-07 
159 6144 4.510434e-03 0 0 3.911875e-08 2.159790e-06 2.554274e-06 1.402040e-07 
160 6161 3.918422e-03 0 0 3.441280e-08 1.865929e-06 2.150855e-06 1.213827e-07 
161 6178 3.119452e-03 0 0 2.484039e-08 1.399566e-06 1.598087e-06 9.044559e-08 
162 6195 2.921776e-03 0 0 2.218423e-08 1.251185e-06 1.389263e-06 7.886872e-08 
163 6212 2.552449e-03 0 0 1.794380e-08 1.012562e-06 1.115147e-06 6.313144e-08 
164 6229 2.123996e-03 0 0 1.515069e-08 8.502689e-07 9.334769e-07 5.249563e-08 
165 6246 1.901784e-03 0 0 1.269265e-08 7.017643e-07 7.843186e-07 4.362200e-08 
166 6263 1.923053e-03 0 0 1.446475e-08 7.578832e-07 8.249785e-07 4.573206e-08 
167 6280 1.469576e-03 0 0 1.028797e-08 5.474311e-07 5.976548e-07 3.296421e-08 
168 6297 1.313789e-03 0 0 8.415735e-09 4.588129e-07 4.969352e-07 2.794825e-08 
169 6314 1.448026e-03 0 0 8.475740e-09 4.848882e-07 5.325837e-07 3.012081e-08 
170 6331 1.311263e-03 0 0 6.989894e-09 4.094869e-07 4.525111e-07 2.553402e-08 
171 6348 1.254700e-03 0 0 6.203324e-09 3.640414e-07 4.063231e-07 2.263969e-08 
172 6365 1.330645e-03 0 0 6.120646e-09 3.546626e-07 4.066286e-07 2.232767e-08 
173 6382 1.144055e-03 0 0 4.914317e-09 2.849261e-07 3.305454e-07 1.803968e-08 
174 6399 9.956023e-04 0 0 4.269794e-09 2.413573e-07 2.821147e-07 1.520353e-08 
175 6416 1.022327e-03 0 0 4.025689e-09 2.364124e-07 2.854796e-07 1.482053e-08 
176 6433 7.808239e-04 0 0 2.980655e-09 1.731296e-07 2.083403e-07 1.080449e-08 
177 6450 7.509620e-04 0 0 2.785957e-09 1.546712e-07 1.858893e-07 9.632570e-09 
178 6467 8.333819e-04 0 0 2.828936e-09 1.690584e-07 1.996145e-07 1.040165e-08 
179 6484 7.594970e-04 0 0 2.462119e-09 1.427990e-07 1.677421e-07 8.756397e-09 
180 6501 7.289076e-04 0 0 2.258807e-09 1.285249e-07 1.553536e-07 8.008146e-09 
181 6518 7.145821e-04 0 0 2.461788e-09 1.324618e-07 1.560929e-07 8.109517e-09 
182 6535 6.605438e-04 0 0 2.122869e-09 1.139610e-07 1.343746e-07 6.924010e-09 
183 6552 5.686799e-04 0 0 1.706404e-09 9.185626e-08 1.071614e-07 5.545682e-09 
184 6569 5.806394e-04 0 0 1.797514e-09 8.757976e-08 1.030828e-07 5.290228e-09 
185 6586 5.111726e-04 0 0 1.459924e-09 7.368661e-08 8.656162e-08 4.469487e-09 
186 6603 4.708380e-04 0 0 1.310908e-09 6.986209e-08 8.158090e-08 4.183873e-09 
187 6620 5.077374e-04 0 0 1.280113e-09 7.501034e-08 8.910531e-08 4.531064e-09 
188 6637 4.900220e-04 0 0 1.154172e-09 6.977668e-08 8.423089e-08 4.273025e-09 
189 6654 4.254421e-04 0 0 9.459402e-10 5.665672e-08 6.826104e-08 3.473361e-09 
190 6671 3.696990e-04 0 0 7.413985e-10 4.519306e-08 5.428014e-08 2.770691e-09 
191 6688 3.126393e-04 0 0 5.766001e-10 3.591320e-08 4.307779e-08 2.209241e-09 
192 6705 2.560155e-04 0 0 4.348528e-10 2.726405e-08 3.240854e-08 1.672962e-09 
193 6722 2.974942e-04 0 0 4.756015e-10 2.971499e-08 3.533389e-08 1.838041e-09 
194 6739 2.857949e-04 0 0 4.216629e-10 2.616657e-08 3.128248e-08 1.621986e-09 
195 6756 2.339972e-04 0 0 3.174377e-10 1.946372e-08 2.320808e-08 1.203429e-09 
196 6773 2.448238e-04 0 0 3.455458e-10 1.877763e-08 2.242153e-08 1.152290e-09 
197 6790 2.450340e-04 0 0 3.748335e-10 2.064928e-08 2.465612e-08 1.260828e-09 
198 6807 2.025579e-04 0 0 2.812861e-10 1.581498e-08 1.876126e-08 9.619909e-10 
199 6824 2.365756e-04 0 0 3.265157e-10 1.762023e-08 2.032699e-08 1.053271e-09 
200 6841 2.381886e-04 0 0 3.106257e-10 1.644210e-08 1.874315e-08 9.828932e-10 
201 6858 2.075433e-04 0 0 2.463761e-10 1.300537e-08 1.469230e-08 7.770665e-10 
202 6875 1.795524e-04 0 0 2.035336e-10 1.062313e-08 1.201313e-08 6.329119e-10 
203 6892 1.905694e-04 0 0 2.037033e-10 1.157400e-08 1.315162e-08 7.123953e-10 
204 6909 1.543279e-04 0 0 1.564865e-10 8.815836e-09 9.934462e-09 5.392297e-10 
205 6926 1.295180e-04 0 0 1.232236e-10 6.759273e-09 7.621047e-09 4.131827e-10 
206 6943 1.259157e-04 0 0 1.204380e-10 6.349829e-09 7.198249e-09 3.861128e-10 
207 6960 1.264819e-04 0 0 1.120232e-10 5.721332e-09 6.501472e-09 3.484080e-10 
208 6977 1.148210e-04 0 0 9.836979e-11 4.994574e-09 5.641531e-09 3.026948e-10 
209 6994 8.939564e-05 0 0 7.225381e-11 3.645287e-09 4.080698e-09 2.191342e-10 
210 7011 8.395161e-05 0 0 6.708333e-11 3.646241e-09 3.980826e-09 2.164325e-10 
211 7028 9.154009e-05 0 0 7.084291e-11 4.170551e-09 4.682560e-09 2.469012e-10 
212 7045 9.723626e-05 0 0 7.643538e-11 4.583137e-09 5.269702e-09 2.734927e-10 
213 7062 1.332573e-04 0 0 1.063760e-10 6.784439e-09 7.952409e-09 4.075222e-10 
214 7079 1.179017e-04 0 0 8.801854e-11 5.570774e-09 6.502946e-09 3.342707e-10 
215 7096 1.078292e-04 0 0 7.523594e-11 4.686313e-09 5.468376e-09 2.816939e-10 
216 7113 8.850349e-05 0 0 5.663250e-11 3.588765e-09 4.178060e-09 2.150941e-10 
217 7130 8.666865e-05 0 0 5.532604e-11 3.569763e-09 4.161556e-09 2.116355e-10 
218 7147 7.888205e-05 0 0 4.593092e-11 2.983904e-09 3.503676e-09 1.771893e-10 
219 7164 7.108272e-05 0 0 3.884861e-11 2.511441e-09 2.978343e-09 1.498567e-10 
220 7181 5.999266e-05 0 0 3.013651e-11 1.942268e-09 2.309496e-09 1.160806e-10 
221 7198 5.320747e-05 0 0 2.702142e-11 1.729438e-09 2.032350e-09 1.027552e-10 
222 7215 4.171538e-05 0 0 1.957888e-11 1.246781e-09 1.462611e-09 7.379926e-11 
223 7232 3.791223e-05 0 0 1.633972e-11 1.039603e-09 1.220260e-09 6.155167e-11 
1 7268 1.369875e+02 0 0 1.259829e+00 1.123177e+02 5.052979e+01 2.804384e+00 
2 7302 1.559577e+02 0 0 1.553177e+00 1.059722e+02 4.858859e+01 3.285436e+00 
3 7336 1.507852e+02 0 0 1.484048e+00 8.273000e+01 3.994135e+01 3.184776e+00 
4 7370 1.643891e+02 0 0 1.771309e+00 7.485012e+01 3.745656e+01 3.169581e+00 
5 7404 2.081390e+02 0 0 2.500000e+00 7.828450e+01 3.978349e+01 3.785416e+00 
6 7438 1.781989e+02 0 0 2.500000e+00 5.556747e+01 2.959082e+01 3.021659e+00 
7 7472 1.767555e+02 0 0 2.500000e+00 4.596991e+01 2.633860e+01 2.912470e+00 
8 7506 1.599897e+02 0 0 2.500000e+00 3.450752e+01 2.183400e+01 2.672582e+00 
9 7540 1.338448e+02 0 0 1.761346e+00 2.434491e+01 1.564319e+01 1.885211e+00 
10 7574 1.080791e+02 0 0 1.196914e+00 1.643095e+01 1.133738e+01 1.490113e+00 
11 7608 9.267992e+01 0 0 8.806107e-01 1.255442e+01 8.474582e+00 1.229807e+00 
12 7642 1.072401e+02 0 0 8.813970e-01 1.289703e+01 1.055568e+01 1.292317e+00 
13 7676 1.108506e+02 0 0 7.643959e-01 1.140176e+01 1.104299e+01 1.277160e+00 
14 7710 1.050015e+02 0 0 6.348427e-01 8.860583e+00 8.869958e+00 1.125447e+00 
15 7744 1.045431e+02 0 0 5.739895e-01 7.745230e+00 8.189018e+00 1.155310e+00 
16 7778 1.149029e+02 0 0 6.745516e-01 7.185344e+00 8.586384e+00 1.069628e+00 
17 7812 9.519786e+01 0 0 5.063615e-01 5.047999e+00 5.931097e+00 7.697793e-01 
18 7846 9.074425e+01 0 0 4.259705e-01 4.087309e+00 4.926595e+00 6.964022e-01 
19 7880 8.046302e+01 0 0 3.274491e-01 3.053104e+00 3.706303e+00 5.144476e-01 
20 7914 6.014948e+01 0 0 2.094558e-01 1.957495e+00 2.498454e+00 3.270139e-01 
21 7948 6.243278e+01 0 0 1.852872e-01 1.798457e+00 2.688368e+00 2.861262e-01 
22 7982 5.764928e+01 0 0 1.655963e-01 1.386865e+00 2.221783e+00 2.296660e-01 
23 8016 5.973633e+01 0 0 1.601343e-01 1.477486e+00 2.252159e+00 2.107705e-01 
24 8050 5.580550e+01 0 0 1.448482e-01 1.175172e+00 1.857571e+00 1.626151e-01 
25 8084 5.275249e+01 0 0 1.314615e-01 1.078642e+00 1.716269e+00 1.359883e-01 
26 8118 4.769343e+01 0 0 1.129314e-01 9.167863e-01 1.397577e+00 1.029147e-01 
27 8152 4.457643e+01 0 0 1.039429e-01 7.558144e-01 1.239845e+00 8.228549e-02 
28 8186 4.222796e+01 0 0 8.959318e-02 6.704807e-01 1.107301e+00 6.807016e-02 
29 8220 4.789961e+01 0 0 1.017768e-01 8.682425e-01 1.379672e+00 7.483598e-02 
30 8254 4.585236e+01 0 0 8.444047e-02 7.726114e-01 1.131403e+00 6.086847e-02 
31 8288 5.169175e+01 0 0 8.528888e-02 9.465690e-01 1.342826e+00 7.111609e-02 
32 8322 4.848278e+01 0 0 6.993288e-02 8.167580e-01 1.173868e+00 6.548347e-02 
33 8356 4.322821e+01 0 0 5.393090e-02 6.297114e-01 9.132613e-01 4.969911e-02 
34 8390 4.312658e+01 0 0 5.443637e-02 5.149583e-01 7.610465e-01 4.079223e-02 
35 8424 4.303997e+01 0 0 4.943263e-02 4.541164e-01 6.672139e-01 3.568872e-02 
36 8458 3.931234e+01 0 0 4.042852e-02 3.611415e-01 5.484855e-01 2.909085e-02 
37 8492 3.297173e+01 0 0 3.001665e-02 2.753672e-01 4.212354e-01 2.246301e-02 
38 8526 3.133256e+01 0 0 2.568882e-02 2.576773e-01 4.010496e-01 1.904127e-02 
39 8560 3.547636e+01 0 0 2.924823e-02 3.124950e-01 4.455331e-01 2.132449e-02 
40 8594 3.347237e+01 0 0 2.380314e-02 2.667175e-01 3.647539e-01 1.772374e-02 
41 8628 3.011277e+01 0 0 1.788100e-02 2.141917e-01 2.851897e-01 1.453066e-02 
42 8662 3.300355e+01 0 0 1.739566e-02 2.155148e-01 3.018386e-01 1.427296e-02 
43 8696 3.094504e+01 0 0 1.427730e-02 2.031544e-01 2.866945e-01 1.268220e-02 
44 8730 3.272354e+01 0 0 1.320492e-02 2.064299e-01 2.650503e-01 1.312367e-02 
45 8764 2.769169e+01 0 0 9.511981e-03 1.613028e-01 2.056318e-01 1.033337e-02 
46 8798 2.241879e+01 0 0 6.719313e-03 1.284566e-01 1.617860e-01 8.100220e-03 
47 8832 2.178273e+01 0 0 5.794602e-03 1.150149e-01 1.400707e-01 7.233919e-03 
48 8866 2.064272e+01 0 0 4.704865e-03 9.815050e-02 1.220081e-01 6.317642e-03 
49 8900 2.642222e+01 0 0 5.143895e-03 1.210040e-01 1.660480e-01 7.873803e-03 
50 8934 2.573174e+01 0 0 4.423761e-03 1.044239e-01 1.449291e-01 6.926990e-03 
51 8968 2.449542e+01 0 0 3.903889e-03 9.949887e-02 1.254184e-01 6.480389e-03 
52 9002 2.360992e+01 0 0 3.231041e-03 8.664330e-02 1.070090e-01 5.671743e-03 
53 9036 2.368637e+01 0 0 2.757899e-03 7.704171e-02 1.006445e-01 4.937627e-03 
54 9070 2.610272e+01 0 0 2.684262e-03 8.581345e-02 1.205641e-01 5.739107e-03 
55 9104 2.428592e+01 0 0 2.158477e-03 7.513353e-02 1.062760e-01 4.921985e-03 
56 9138 2.315309e+01 0 0 1.773602e-03 6.316298e-02 8.697830e-02 4.093475e-03 
57 9172 1.891908e+01 0 0 1.355032e-03 4.928447e-02 6.567801e-02 3.124611e-03 
58 9206 1.897185e+01 0 0 1.200640e-03 4.119268e-02 5.699376e-02 2.623981e-03 
59 9240 1.880434e+01 0 0 1.081730e-03 3.597438e-02 4.777414e-02 2.240664e-03 
60 9274 1.504297e+01 0 0 7.303258e-04 2.444700e-02 3.248245e-02 1.533511e-03 
61 9308 1.549619e+01 0 0 6.982182e-04 2.203983e-02 3.029741e-02 1.396907e-03 
62 9342 1.581229e+01 0 0 6.173906e-04 2.225358e-02 2.927340e-02 1.464304e-03 
63 9376 1.344054e+01 0 0 4.517262e-04 1.745346e-02 2.316078e-02 1.135436e-03 
64 9410 1.235078e+01 0 0 3.572290e-04 1.470578e-02 1.889154e-02 9.594295e-04 
65 9444 1.493771e+01 0 0 3.817803e-04 1.503324e-02 1.904040e-02 9.627581e-04 
66 9478 1.447358e+01 0 0 3.726456e-04 1.617149e-02 1.970842e-02 9.953234e-04 
67 9512 1.182539e+01 0 0 2.665023e-04 1.155660e-02 1.423027e-02 7.141342e-04 
68 9546 1.157175e+01 0 0 2.353315e-04 1.080455e-02 1.350811e-02 6.596694e-04 
69 9580 1.260734e+01 0 0 2.355560e-04 1.057927e-02 1.363546e-02 6.483149e-04 
70 9614 1.120734e+01 0 0 1.900806e-04 8.776877e-03 1.090420e-02 5.387907e-04 
71 9648 1.064844e+01 0 0 1.832128e-04 8.364748e-03 1.021213e-02 5.105467e-04 
72 9682 1.018195e+01 0 0 1.540004e-04 6.801099e-03 8.242553e-03 4.111783e-04 
73 9716 9.983225e+00 0 0 1.322726e-04 6.085628e-03 7.209278e-03 3.566825e-04 
74 9750 8.988024e+00 0 0 1.044800e-04 4.790931e-03 5.772576e-03 2.814932e-04 
75 9784 9.347027e+00 0 0 9.418144e-05 4.560034e-03 5.445450e-03 2.798931e-04 
76 9818 9.753399e+00 0 0 9.900911e-05 4.465232e-03 5.236839e-03 2.650036e-04 
77 9852 7.642133e+00 0 0 7.347849e-05 3.394023e-03 3.982791e-03 1.980080e-04 
78 9886 7.601046e+00 0 0 7.482047e-05 3.347513e-03 3.854915e-03 1.902374e-04 
79 9920 7.839906e+00 0 0 7.074707e-05 3.024131e-03 3.504652e-03 1.758029e-04 
80 9954 6.530204e+00 0 0 5.972040e-05 2.679998e-03 3.092772e-03 1.582659e-04 
81 9988 5.743948e+00 0 0 4.459226e-05 2.015988e-03 2.296479e-03 1.181321e-04 
82 10022 6.714313e+00 0 0 4.647584e-05 2.592877e-03 3.006624e-03 1.550357e-04 
83 10056 6.158336e+00 0 0 3.765700e-05 2.210084e-03 2.610297e-03 1.327254e-04 
84 10090 5.167350e+00 0 0 2.779531e-05 1.627320e-03 1.934065e-03 9.890599e-05 
85 10124 4.581066e+00 0 0 2.163431e-05 1.259736e-03 1.489818e-03 7.603799e-05 
86 10158 4.363515e+00 0 0 1.720474e-05 1.044748e-03 1.248686e-03 6.419519e-05 
87 10192 4.203744e+00 0 0 1.486445e-05 9.244890e-04 1.120020e-03 5.801020e-05 
88 10226 3.586047e+00 0 0 1.170656e-05 6.974096e-04 8.433942e-04 4.356189e-05 
89 10260 3.220799e+00 0 0 9.181168e-06 5.507400e-04 6.771264e-04 3.485328e-05 
90 10294 2.863850e+00 0 0 6.947449e-06 4.317910e-04 5.370866e-04 2.727767e-05 
91 10328 3.099846e+00 0 0 7.228360e-06 4.079689e-04 4.978035e-04 2.550667e-05 
92 10362 2.809240e+00 0 0 5.787460e-06 3.366678e-04 4.100336e-04 2.088607e-05 
93 10396 2.876370e+00 0 0 6.016491e-06 3.401718e-04 4.012572e-04 2.035412e-05 
94 10430 2.612233e+00 0 0 4.905916e-06 2.845849e-04 3.320546e-04 1.702435e-05 
95 10464 2.383138e+00 0 0 4.123992e-06 2.450142e-04 2.798277e-04 1.437531e-05 
96 10498 2.390549e+00 0 0 3.537709e-06 2.197629e-04 2.560142e-04 1.312365e-05 
97 10532 2.371509e+00 0 0 2.987744e-06 1.898803e-04 2.259903e-04 1.145772e-05 
98 10566 2.014774e+00 0 0 2.262189e-06 1.476703e-04 1.768027e-04 8.926733e-06 
99 10600 1.950176e+00 0 0 1.991665e-06 1.239462e-04 1.464831e-04 7.435502e-06 
100 10634 1.632234e+00 0 0 1.473124e-06 9.218597e-05 1.085471e-04 5.513703e-06 
101 10668 1.455812e+00 0 0 1.185023e-06 7.289396e-05 8.550132e-05 4.327116e-06 
102 10702 1.519894e+00 0 0 1.244565e-06 6.945245e-05 8.070513e-05 4.084190e-06 
103 10736 1.751628e+00 0 0 1.282692e-06 7.165049e-05 8.408404e-05 4.214105e-06 
104 10770 1.572797e+00 0 0 1.069626e-06 5.980131e-05 7.012755e-05 3.506003e-06 
105 10804 1.501702e+00 0 0 9.550655e-07 5.517794e-05 6.335143e-05 3.235281e-06 
106 10838 1.446555e+00 0 0 8.901588e-07 4.752251e-05 5.368918e-05 2.756588e-06 
107 10872 1.472261e+00 0 0 7.873213e-07 4.288752e-05 4.922041e-05 2.485262e-06 
108 10906 1.363847e+00 0 0 6.268732e-07 3.436479e-05 3.914621e-05 2.001993e-06 
109 10940 1.277157e+00 0 0 5.367737e-07 2.905885e-05 3.307267e-05 1.693009e-06 
110 10974 1.271949e+00 0 0 4.722880e-07 2.587403e-05 2.964603e-05 1.490173e-06 
111 11008 1.331666e+00 0 0 4.388995e-07 2.476644e-05 2.835266e-05 1.430638e-06 
112 11042 1.182594e+00 0 0 3.636517e-07 1.986773e-05 2.241727e-05 1.133361e-06 
113 11076 1.082529e+00 0 0 2.925557e-07 1.577394e-05 1.793131e-05 9.042431e-07 
114 11110 1.171071e+00 0 0 2.689943e-07 1.442191e-05 1.627061e-05 8.333387e-07 
115 11144 1.181948e+00 0 0 2.428054e-07 1.347987e-05 1.526377e-05 7.929232e-07 
116 11178 1.065553e+00 0 0 1.958356e-07 1.074540e-05 1.223738e-05 6.307955e-07 
117 11212 8.810393e-01 0 0 1.434813e-07 8.218757e-06 9.326224e-06 4.801658e-07 
118 11246 1.043574e+00 0 0 1.524330e-07 9.889259e-06 1.147346e-05 6.074216e-07 
119 11280 9.088426e-01 0 0 1.125747e-07 7.412491e-06 8.606981e-06 4.551534e-07 
120 11314 7.961976e-01 0 0 8.703465e-08 5.489382e-06 6.417111e-06 3.377981e-07 
121 11348 7.242197e-01 0 0 6.898560e-08 4.199392e-06 4.866806e-06 2.561362e-07 
122 11382 6.600990e-01 0 0 5.240906e-08 3.170761e-06 3.710904e-06 1.941931e-07 
123 11416 6.655467e-01 0 0 4.637516e-08 2.931396e-06 3.512293e-06 1.823270e-07 
124 11450 6.479262e-01 0 0 3.803407e-08 2.438541e-06 2.892627e-06 1.510060e-07 
125 11484 6.878407e-01 0 0 4.028436e-08 2.634947e-06 3.073932e-06 1.600017e-07 
126 11518 5.446437e-01 0 0 2.643697e-08 1.748644e-06 2.032951e-06 1.060811e-07 
127 11552 6.540153e-01 0 0 3.188680e-08 1.931287e-06 2.253530e-06 1.169556e-07 
128 11586 6.523001e-01 0 0 2.982817e-08 1.734952e-06 2.026619e-06 1.050887e-07 
129 11620 6.251819e-01 0 0 2.652211e-08 1.554924e-06 1.767003e-06 9.274550e-08 
130 11654 5.392634e-01 0 0 2.143364e-08 1.250630e-06 1.426730e-06 7.387702e-08 
131 11688 5.695416e-01 0 0 2.410283e-08 1.423711e-06 1.583412e-06 8.186988e-08 
132 11722 5.683501e-01 0 0 2.142753e-08 1.317107e-06 1.486804e-06 7.565852e-08 
133 11756 4.957519e-01 0 0 1.617999e-08 9.676520e-07 1.087344e-06 5.531452e-08 
134 11790 4.483418e-01 0 0 1.299080e-08 7.993650e-07 9.035856e-07 4.579352e-08 
135 11824 4.795486e-01 0 0 1.216050e-08 7.751074e-07 8.958952e-07 4.539080e-08 
136 11858 4.498691e-01 0 0 9.788453e-09 6.072422e-07 7.085095e-07 3.567989e-08 
137 11892 3.984779e-01 0 0 7.636562e-09 4.848094e-07 5.669855e-07 2.871669e-08 
138 11926 4.630372e-01 0 0 8.323951e-09 5.032804e-07 5.836281e-07 2.931319e-08 
139 11960 4.621580e-01 0 0 7.619537e-09 4.557358e-07 5.260494e-07 2.628758e-08 
140 11994 4.197382e-01 0 0 5.950776e-09 3.557393e-07 4.093367e-07 2.042220e-08 
141 12028 3.504751e-01 0 0 4.427515e-09 2.591563e-07 3.003696e-07 1.486881e-08 
142 12062 3.529130e-01 0 0 3.928880e-09 2.258837e-07 2.640365e-07 1.319857e-08 
143 12096 3.837766e-01 0 0 3.880569e-09 2.156317e-07 2.488300e-07 1.248189e-08 
144 12130 4.281052e-01 0 0 3.841616e-09 2.307798e-07 2.710392e-07 1.384762e-08 
145 12164 4.001507e-01 0 0 3.199438e-09 2.019922e-07 2.389992e-07 1.223781e-08 
146 12198 3.431981e-01 0 0 2.342282e-09 1.517372e-07 1.792043e-07 9.203680e-09 
147 12232 3.733054e-01 0 0 2.509364e-09 1.519575e-07 1.784149e-07 9.243055e-09 
148 12266 3.127735e-01 0 0 1.844896e-09 1.114637e-07 1.293492e-07 6.722771e-09 
149 12300 3.647775e-01 0 0 1.938002e-09 1.110299e-07 1.285945e-07 6.768947e-09 
150 12334 3.119824e-01 0 0 1.573878e-09 8.883537e-08 1.021549e-07 5.372246e-09 
151 12368 3.274324e-01 0 0 1.436858e-09 8.186210e-08 9.516855e-08 5.036007e-09 
152 12402 2.881268e-01 0 0 1.099113e-09 6.128430e-08 7.147885e-08 3.761086e-09 
153 12436 2.575372e-01 0 0 8.751093e-10 4.809493e-08 5.582982e-08 2.923118e-09 
154 12470 2.319700e-01 0 0 6.740849e-10 3.646556e-08 4.199305e-08 2.202231e-09 
155 12504 2.162718e-01 0 0 5.486780e-10 2.945818e-08 3.409424e-08 1.796961e-09 
156 12538 2.093547e-01 0 0 4.600730e-10 2.533328e-08 2.938203e-08 1.541443e-09 
157 12572 2.113462e-01 0 0 4.626812e-10 2.383756e-08 2.794425e-08 1.447569e-09 
158 12606 1.867698e-01 0 0 3.628136e-10 1.962060e-08 2.296952e-08 1.185236e-09 
159 12640 1.867036e-01 0 0 3.139395e-10 1.869702e-08 2.213994e-08 1.135455e-09 
160 12674 1.556712e-01 0 0 2.366816e-10 1.396740e-08 1.648181e-08 8.451781e-10 
161 12708 1.451765e-01 0 0 2.025729e-10 1.206494e-08 1.441930e-08 7.328518e-10 
162 12742 1.219955e-01 0 0 1.426574e-10 8.840612e-09 1.054353e-08 5.397335e-10 
163 12776 1.101064e-01 0 0 1.169617e-10 7.448394e-09 9.016759e-09 4.553570e-10 
164 12810 1.048350e-01 0 0 1.095306e-10 6.673766e-09 7.943995e-09 4.040220e-10 
165 12844 1.157679e-01 0 0 1.078818e-10 6.626079e-09 8.149894e-09 4.052524e-10 
166 12878 1.068609e-01 0 0 8.306605e-11 5.176380e-09 6.408290e-09 3.186525e-10 
167 12912 8.948210e-02 0 0 6.053787e-11 3.688370e-09 4.546368e-09 2.259138e-10 
168 12946 9.231422e-02 0 0 6.222660e-11 3.442841e-09 4.162249e-09 2.084868e-10 
169 12980 9.185254e-02 0 0 5.446207e-11 2.961066e-09 3.535062e-09 1.761818e-10 
170 13014 8.041942e-02 0 0 4.339219e-11 2.511682e-09 2.999521e-09 1.495404e-10 
171 13048 7.218226e-02 0 0 3.574396e-11 2.041588e-09 2.452404e-09 1.227898e-10 
172 13082 7.255519e-02 0 0 3.199685e-11 2.029397e-09 2.461166e-09 1.236358e-10 
173 13116 6.764844e-02 0 0 2.510975e-11 1.624007e-09 1.989467e-09 9.988327e-11 
174 13150 5.724397e-02 0 0 1.958813e-11 1.233709e-09 1.492203e-09 7.686592e-11 
175 13184 4.666867e-02 0 0 1.462154e-11 9.310347e-10 1.128049e-09 5.789835e-11 
1 13254 1.452990e+02 0 0 1.464038e+00 1.004060e+02 4.117943e+01 3.082314e+00 
2 13322 1.647398e+02 0 0 1.773311e+00 8.438084e+01 3.986638e+01 2.949200e+00 
3 13390 2.099257e+02 0 0 1.933810e+00 7.358658e+01 3.889146e+01 4.526191e+00 
4 13458 2.150491e+02 0 0 2.028990e+00 5.099351e+01 3.099457e+01 3.388829e+00 
5 13526 2.401976e+02 0 0 2.036026e+00 3.873045e+01 2.724830e+01 3.929663e+00 
6 13594 2.265649e+02 0 0 1.550946e+00 2.552259e+01 1.941204e+01 3.463151e+00 
7 13662 2.200489e+02 0 0 1.153663e+00 1.807553e+01 1.548862e+01 2.944193e+00 
8 13730 1.979339e+02 0 0 7.658277e-01 1.205318e+01 1.143282e+01 2.091800e+00 
9 13798 2.190196e+02 0 0 6.301450e-01 1.011346e+01 1.037974e+01 2.497532e+00 
10 13866 2.146547e+02 0 0 5.095591e-01 7.068531e+00 8.906446e+00 1.922867e+00 
11 13934 2.168947e+02 0 0 4.881986e-01 5.489394e+00 7.600699e+00 1.588609e+00 
12 14002 1.853678e+02 0 0 3.145621e-01 3.606445e+00 4.794016e+00 1.007822e+00 
13 14070 2.100057e+02 0 0 2.923111e-01 3.248937e+00 4.865132e+00 1.054929e+00 
14 14138 2.167795e+02 0 0 2.439172e-01 2.653141e+00 4.694660e+00 8.754742e-01 
15 14206 2.111982e+02 0 0 1.938442e-01 2.209708e+00 4.136388e+00 6.387949e-01 
16 14274 1.977922e+02 0 0 1.515622e-01 1.625299e+00 3.166412e+00 4.626284e-01 
17 14342 1.919491e+02 0 0 1.257418e-01 1.257301e+00 2.484458e+00 3.124920e-01 
18 14410 1.936152e+02 0 0 1.241675e-01 1.189125e+00 2.061842e+00 2.176199e-01 
19 14478 1.689635e+02 0 0 9.173692e-02 7.858478e-01 1.329813e+00 1.363028e-01 
20 14546 2.128559e+02 0 0 1.073360e-01 8.948761e-01 1.333211e+00 1.180889e-01 
21 14614 2.070146e+02 0 0 8.567288e-02 6.264809e-01 9.406832e-01 8.196671e-02 
22 14682 2.111858e+02 0 0 8.474980e-02 5.968288e-01 8.273328e-01 6.338980e-02 
23 14750 2.450019e+02 0 0 1.077617e-01 5.574623e-01 7.709325e-01 5.436005e-02 
24 14818 2.223678e+02 0 0 8.066979e-02 4.534014e-01 6.076973e-01 3.975918e-02 
25 14886 2.345516e+02 0 0 8.073955e-02 4.830712e-01 6.112988e-01 3.343049e-02 
26 14954 2.899034e+02 0 0 7.909846e-02 6.704107e-01 7.996196e-01 4.346754e-02 
27 15022 2.564000e+02 0 0 5.212403e-02 4.835843e-01 6.118018e-01 3.326095e-02 
28 15090 2.432324e+02 0 0 4.024386e-02 3.943414e-01 5.105370e-01 2.852474e-02 
29 15158 2.254382e+02 0 0 2.855378e-02 3.275534e-01 4.623453e-01 2.317318e-02 
30 15226 2.636841e+02 0 0 2.470257e-02 3.819457e-01 5.794110e-01 3.041614e-02 
31 15294 2.326985e+02 0 0 1.659691e-02 3.054902e-01 4.524982e-01 2.292045e-02 
32 15362 2.273658e+02 0 0 1.344701e-02 2.641282e-01 3.660912e-01 1.848257e-02 
33 15430 2.264780e+02 0 0 1.020290e-02 2.496551e-01 3.444554e-01 1.677210e-02 
34 15498 2.574330e+02 0 0 9.846221e-03 2.670468e-01 3.707219e-01 1.726927e-02 
35 15566 2.349024e+02 0 0 6.492056e-03 1.948610e-01 2.662707e-01 1.212956e-02 
36 15634 2.389357e+02 0 0 5.154577e-03 1.611525e-01 2.183252e-01 1.043989e-02 
37 15702 2.363989e+02 0 0 4.438832e-03 1.442279e-01 1.777705e-01 8.567453e-03 
38 15770 2.252946e+02 0 0 3.289976e-03 1.158197e-01 1.410135e-01 6.878152e-03 
39 15838 2.291400e+02 0 0 2.649663e-03 9.299132e-02 1.149957e-01 5.604149e-03 
40 15906 2.193988e+02 0 0 1.789336e-03 7.165154e-02 8.870801e-02 4.317186e-03 
41 15974 2.231670e+02 0 0 1.414846e-03 5.851415e-02 7.357511e-02 3.761820e-03 
42 16042 2.246159e+02 0 0 1.286621e-03 5.657703e-02 7.144648e-02 3.651587e-03 
43 16110 1.990799e+02 0 0 9.092375e-04 4.272738e-02 5.274225e-02 2.668159e-03 
44 16178 1.986734e+02 0 0 8.491332e-04 3.854173e-02 4.838079e-02 2.495316e-03 
45 16246 2.070506e+02 0 0 1.029592e-03 4.501629e-02 5.234143e-02 2.631532e-03 
46 16314 2.130668e+02 0 0 8.463968e-04 4.039869e-02 4.620790e-02 2.379228e-03 
47 16382 1.931726e+02 0 0 6.039203e-04 2.782707e-02 3.206568e-02 1.650662e-03 
48 16450 2.107162e+02 0 0 5.559099e-04 3.133402e-02 3.630888e-02 1.906632e-03 
49 16518 1.986843e+02 0 0 4.226744e-04 2.492419e-02 2.977539e-02 1.545843e-03 
50 16586 1.866720e+02 0 0 3.266242e-04 1.884419e-02 2.250360e-02 1.143306e-03 
51 16654 2.157138e+02 0 0 3.094138e-04 2.034753e-02 2.602628e-02 1.299524e-03 
52 16722 1.953202e+02 0 0 2.650413e-04 1.719319e-02 2.168542e-02 1.079220e-03 
53 16790 2.120063e+02 0 0 2.330569e-04 1.414576e-02 1.786533e-02 8.862195e-04 
54 16858 2.115560e+02 0 0 1.845806e-04 1.112561e-02 1.368898e-02 6.904719e-04 
55 16926 2.007520e+02 0 0 1.378021e-04 9.120224e-03 1.127337e-02 5.684342e-04 
56 16994 1.899109e+02 0 0 1.240499e-04 7.773693e-03 9.263376e-03 4.732242e-04 
57 17062 1.973274e+02 0 0 1.150565e-04 6.794423e-03 7.867643e-03 4.073028e-04 
58 17130 2.000571e+02 0 0 9.114579e-05 5.083523e-03 5.869491e-03 3.026288e-04 
59 17198 2.136731e+02 0 0 7.592177e-05 4.233933e-03 4.898144e-03 2.521277e-04 
60 17266 1.958720e+02 0 0 5.762552e-05 3.029592e-03 3.499154e-03 1.780895e-04 
61 17334 2.119386e+02 0 0 5.780090e-05 2.752569e-03 3.191672e-03 1.599274e-04 
62 17402 1.916726e+02 0 0 4.509049e-05 2.107098e-03 2.402169e-03 1.205830e-04 
63 17470 2.117080e+02 0 0 3.849938e-05 1.735266e-03 2.035712e-03 1.021591e-04 
64 17538 2.327587e+02 0 0 3.046793e-05 1.423576e-03 1.678500e-03 8.481900e-05 
65 17606 2.119866e+02 0 0 2.343268e-05 1.107796e-03 1.301149e-03 6.609405e-05 
66 17674 1.891798e+02 0 0 1.861212e-05 9.103251e-04 1.075108e-03 5.386946e-05 
67 17742 2.078921e+02 0 0 1.555244e-05 8.296269e-04 1.013101e-03 4.923023e-05 
68 17810 1.953574e+02 0 0 1.316854e-05 6.675517e-04 8.122326e-04 3.950619e-05 
69 17878 1.858432e+02 0 0 1.023524e-05 5.225406e-04 6.204934e-04 3.094337e-05 
70 17946 2.076175e+02 0 0 8.069438e-06 4.636704e-04 5.858903e-04 2.935536e-05 
71 18014 1.906002e+02 0 0 6.595710e-06 3.986289e-04 4.883218e-04 2.463916e-05 
72 18082 1.801260e+02 0 0 5.203562e-06 3.074042e-04 3.751579e-04 1.899628e-05 
73 18150 1.721917e+02 0 0 4.488172e-06 2.518362e-04 2.967819e-04 1.516148e-05 
74 18218 1.747919e+02 0 0 3.795244e-06 2.444583e-04 2.958274e-04 1.507710e-05 
75 18286 1.928841e+02 0 0 3.229981e-06 2.096066e-04 2.577671e-04 1.300489e-05 
76 18354 2.108837e+02 0 0 3.257340e-06 1.953172e-04 2.337529e-04 1.196973e-05 
77 18422 1.812877e+02 0 0 2.203994e-06 1.311794e-04 1.553121e-04 7.944642e-06 
78 18490 1.817983e+02 0 0 1.941378e-06 1.074408e-04 1.259238e-04 6.408714e-06 
79 18558 1.708524e+02 0 0 1.316989e-06 6.815247e-05 7.989189e-05 4.049272e-06 
80 18626 1.819997e+02 0 0 1.133276e-06 6.020176e-05 7.185896e-05 3.651764e-06 
81 18694 1.694702e+02 0 0 9.162545e-07 4.787568e-05 5.679983e-05 2.936676e-06 
82 18762 1.722823e+02 0 0 6.681524e-07 3.860292e-05 4.786841e-05 2.466058e-06 
83 18830 1.674894e+02 0 0 5.205044e-07 3.406541e-05 4.306114e-05 2.222229e-06 
84 18898 1.546183e+02 0 0 4.007260e-07 2.457906e-05 3.109334e-05 1.578988e-06 
85 18966 1.572848e+02 0 0 3.541905e-07 2.228398e-05 2.753049e-05 1.439727e-06 
86 19034 1.764469e+02 0 0 3.997899e-07 2.115891e-05 2.482219e-05 1.317835e-06 
87 19102 1.832786e+02 0 0 3.880405e-07 1.967640e-05 2.250800e-05 1.187555e-06 
88 19170 1.900309e+02 0 0 3.214331e-07 1.872397e-05 2.135241e-05 1.106847e-06 
89 19238 1.904761e+02 0 0 2.910820e-07 1.606317e-05 1.767582e-05 9.041698e-07 
90 19306 1.830705e+02 0 0 2.245083e-07 1.256545e-05 1.391833e-05 7.111365e-07 
91 19374 1.818746e+02 0 0 1.745311e-07 9.855513e-06 1.104604e-05 5.624264e-07 
92 19442 1.749372e+02 0 0 1.266259e-07 7.079682e-06 8.044341e-06 4.068578e-07 
93 19510 1.912223e+02 0 0 1.156360e-07 7.136981e-06 8.470769e-06 4.344194e-07 
94 19578 1.740707e+02 0 0 8.412621e-08 5.279784e-06 6.281909e-06 3.231827e-07 
95 19646 1.657309e+02 0 0 6.773210e-08 4.173308e-06 4.916341e-06 2.536813e-07 
96 19714 1.567997e+02 0 0 5.088273e-08 3.037270e-06 3.589675e-06 1.823826e-07 
97 19782 1.504206e+02 0 0 4.114599e-08 2.392564e-06 2.732665e-06 1.401336e-07 
98 19850 1.405526e+02 0 0 2.880385e-08 1.766134e-06 2.016445e-06 1.042649e-07 
99 19918 1.517486e+02 0 0 2.648196e-08 1.488004e-06 1.754529e-06 9.078775e-08 
100 19986 1.456887e+02 0 0 2.162371e-08 1.338255e-06 1.598975e-06 8.215949e-08 
101 20054 1.398478e+02 0 0 1.426571e-08 8.884191e-07 1.058125e-06 5.446726e-08 
102 20122 1.404482e+02 0 0 1.107253e-08 7.238164e-07 8.791331e-07 4.462672e-08 
103 20190 1.348782e+02 0 0 9.204277e-09 5.522237e-07 6.635559e-07 3.371938e-08 
104 20258 1.641514e+02 0 0 9.670441e-09 5.551858e-07 6.564313e-07 3.354209e-08 
105 20326 1.645308e+02 0 0 8.371303e-09 4.500648e-07 5.198248e-07 2.676137e-08 
106 20394 1.413138e+02 0 0 5.620658e-09 3.305474e-07 3.833355e-07 1.960921e-08 
107 20462 1.498016e+02 0 0 4.502641e-09 2.525044e-07 2.940344e-07 1.528427e-08 
108 20530 1.574509e+02 0 0 3.519631e-09 2.309719e-07 2.775496e-07 1.406121e-08 
109 20598 1.615486e+02 0 0 3.383157e-09 2.019350e-07 2.343661e-07 1.188442e-08 
110 20666 1.672321e+02 0 0 3.053923e-09 1.794047e-07 2.113908e-07 1.094185e-08 
111 20734 1.525670e+02 0 0 2.057197e-09 1.203832e-07 1.432141e-07 7.453090e-09 
112 20802 1.656909e+02 0 0 1.812174e-09 1.110164e-07 1.337706e-07 7.075665e-09 
113 20870 1.715113e+02 0 0 1.497404e-09 9.648846e-08 1.141759e-07 5.979068e-09 
114 20938 1.741921e+02 0 0 1.612604e-09 9.597214e-08 1.110480e-07 5.799379e-09 
115 21006 1.646452e+02 0 0 1.360780e-09 8.012371e-08 9.136984e-08 4.719599e-09 
116 21074 1.762435e+02 0 0 1.197681e-09 7.535233e-08 8.903019e-08 4.524202e-09 
117 21142 1.979911e+02 0 0 1.259816e-09 7.129248e-08 8.166693e-08 4.163391e-09 
118 21210 1.808285e+02 0 0 8.750040e-10 5.038434e-08 5.793023e-08 2.976002e-09 
119 21278 1.656922e+02 0 0 6.040326e-10 3.377746e-08 3.928055e-08 2.004023e-09 
120 21346 2.061292e+02 0 0 6.240226e-10 3.484296e-08 4.093805e-08 2.068519e-09 
121 21414 1.872117e+02 0 0 4.580686e-10 2.536480e-08 3.006419e-08 1.509376e-09 
122 21482 2.064192e+02 0 0 3.589596e-10 1.967905e-08 2.315455e-08 1.165510e-09 
123 21550 1.730642e+02 0 0 2.211086e-10 1.277280e-08 1.520406e-08 7.585935e-10 
124 21618 2.130246e+02 0 0 2.664746e-10 1.491305e-08 1.641035e-08 8.438113e-10 
125 21686 2.048651e+02 0 0 2.103825e-10 1.246859e-08 1.421568e-08 7.243455e-10 
126 21754 1.959586e+02 0 0 1.781690e-10 1.031323e-08 1.168746e-08 5.965940e-10 
127 21822 2.039984e+02 0 0 1.404416e-10 9.092162e-09 1.042144e-08 5.351031e-10 
128 21890 2.089653e+02 0 0 1.133042e-10 7.587242e-09 8.872121e-09 4.517309e-10 
129 21958 1.870589e+02 0 0 7.630393e-11 5.094017e-09 5.992331e-09 3.038908e-10 
130 22026 1.795890e+02 0 0 6.455249e-11 3.845671e-09 4.403637e-09 2.246971e-10 
131 22094 1.992463e+02 0 0 5.668935e-11 3.396567e-09 3.924897e-09 1.995900e-10 
132 22162 2.018734e+02 0 0 4.243735e-11 2.643022e-09 3.170476e-09 1.593912e-10 
133 22230 1.761734e+02 0 0 2.972002e-11 1.836985e-09 2.214015e-09 1.118023e-10 
134 22298 1.740175e+02 0 0 2.422680e-11 1.576580e-09 1.903772e-09 9.648895e-11 
135 22366 1.983172e+02 0 0 2.435117e-11 1.296498e-09 1.547438e-09 7.784699e-11 
136 22434 1.994078e+02 0 0 1.966113e-11 1.233715e-09 1.485484e-09 7.366278e-11 
137 22502 1.916768e+02 0 0 1.899754e-11 1.041920e-09 1.230828e-09 6.145437e-11 
