%  columns="iteration, evaluation, void, void, void, xmean" (startseed=214675, 2023/10/9 16:50:38.76)
0 1 0 0 0 1.000000e+00 1.750000e+02 1.000000e+02 1.200000e+01 
1 10 0 0 0 1.881844e+00 2.471260e+02 7.569274e+01 1.432223e+01 
2 19 0 0 0 1.622168e+00 1.950170e+02 5.457290e+01 1.181789e+01 
3 28 0 0 0 1.797035e+00 1.815241e+02 1.990339e+01 8.879322e+00 
4 37 0 0 0 2.428443e+00 2.282057e+02 4.173833e+01 9.425857e+00 
5 46 0 0 0 1.883242e+00 1.924326e+02 5.669555e+01 1.034878e+01 
6 55 0 0 0 1.473652e+00 1.757721e+02 5.825299e+01 1.172475e+01 
7 64 0 0 0 3.569288e-01 2.216000e+02 4.976416e+01 1.034949e+01 
8 73 0 0 0 1.380793e+00 2.017767e+02 5.849255e+01 1.029856e+01 
9 82 0 0 0 1.094369e+00 2.116289e+02 7.407806e+01 9.855250e+00 
10 91 0 0 0 1.657856e+00 2.292211e+02 6.200309e+01 9.437935e+00 
11 100 0 0 0 1.962437e+00 2.139895e+02 7.889966e+01 9.489330e+00 
12 109 0 0 0 1.789587e+00 2.188508e+02 9.258287e+01 9.125588e+00 
13 118 0 0 0 2.182605e+00 2.344116e+02 7.329213e+01 8.490605e+00 
14 127 0 0 0 2.823894e+00 2.280115e+02 9.004532e+01 7.530856e+00 
15 136 0 0 0 3.349426e+00 2.332272e+02 8.174299e+01 7.720942e+00 
16 145 0 0 0 3.359211e+00 2.122923e+02 1.010775e+02 7.081684e+00 
17 154 0 0 0 3.657996e+00 2.119458e+02 1.100243e+02 8.634715e+00 
18 163 0 0 0 3.462015e+00 2.237746e+02 9.498906e+01 8.425546e+00 
19 172 0 0 0 3.673718e+00 2.200261e+02 8.383478e+01 7.257587e+00 
20 181 0 0 0 4.089813e+00 2.122897e+02 8.087304e+01 7.234290e+00 
21 190 0 0 0 3.880949e+00 2.135755e+02 7.493169e+01 6.265179e+00 
22 199 0 0 0 4.359391e+00 2.146805e+02 8.999624e+01 6.640833e+00 
23 208 0 0 0 4.093209e+00 2.131240e+02 8.736144e+01 6.674909e+00 
24 217 0 0 0 4.033505e+00 2.187931e+02 8.225635e+01 6.004874e+00 
25 226 0 0 0 4.193217e+00 2.203050e+02 7.673192e+01 6.582903e+00 
26 235 0 0 0 4.400412e+00 2.195742e+02 7.848665e+01 6.737256e+00 
27 244 0 0 0 4.207848e+00 2.132635e+02 8.123499e+01 6.983420e+00 
28 253 0 0 0 4.184109e+00 2.141977e+02 8.005189e+01 6.438206e+00 
29 262 0 0 0 4.278419e+00 2.158991e+02 7.987900e+01 6.636860e+00 
30 271 0 0 0 4.294971e+00 2.141148e+02 8.362890e+01 7.105637e+00 
31 280 0 0 0 4.151662e+00 2.152068e+02 8.466633e+01 7.535320e+00 
32 289 0 0 0 4.215389e+00 2.145677e+02 8.818168e+01 7.752815e+00 
33 298 0 0 0 4.145495e+00 2.141591e+02 8.321014e+01 8.166121e+00 
34 307 0 0 0 4.156177e+00 2.118539e+02 9.002225e+01 8.653662e+00 
35 316 0 0 0 4.170015e+00 2.176664e+02 8.448665e+01 8.823691e+00 
36 325 0 0 0 4.047976e+00 2.163875e+02 8.606758e+01 9.602892e+00 
37 334 0 0 0 4.184639e+00 2.173905e+02 8.469514e+01 9.315405e+00 
38 343 0 0 0 4.139151e+00 2.174003e+02 8.917044e+01 9.691242e+00 
39 352 0 0 0 3.921012e+00 2.159356e+02 8.798580e+01 9.743955e+00 
40 361 0 0 0 3.972300e+00 2.170209e+02 8.865353e+01 9.882295e+00 
41 370 0 0 0 4.049401e+00 2.145242e+02 8.930419e+01 9.707063e+00 
42 379 0 0 0 4.115792e+00 2.153558e+02 9.017451e+01 9.783668e+00 
43 388 0 0 0 4.160935e+00 2.145166e+02 9.184227e+01 9.912940e+00 
44 397 0 0 0 4.222818e+00 2.146598e+02 9.372675e+01 1.003982e+01 
45 406 0 0 0 4.292786e+00 2.132865e+02 9.345722e+01 1.018982e+01 
46 415 0 0 0 4.315197e+00 2.155551e+02 9.271824e+01 1.014489e+01 
47 424 0 0 0 4.339264e+00 2.148740e+02 9.246696e+01 1.004353e+01 
48 433 0 0 0 4.331213e+00 2.141200e+02 9.487812e+01 1.024398e+01 
49 442 0 0 0 4.429802e+00 2.129642e+02 9.580276e+01 1.007803e+01 
50 451 0 0 0 4.439294e+00 2.124019e+02 9.715892e+01 1.017627e+01 
51 460 0 0 0 4.431296e+00 2.125298e+02 9.531163e+01 1.019366e+01 
52 469 0 0 0 4.455043e+00 2.125988e+02 9.531179e+01 1.004845e+01 
53 478 0 0 0 4.456431e+00 2.125498e+02 9.658024e+01 9.991500e+00 
54 487 0 0 0 4.424195e+00 2.125903e+02 9.597142e+01 9.987927e+00 
55 496 0 0 0 4.444970e+00 2.119810e+02 9.672766e+01 1.000773e+01 
56 505 0 0 0 4.457051e+00 2.120102e+02 9.712488e+01 9.942476e+00 
57 514 0 0 0 4.449875e+00 2.130611e+02 9.638006e+01 1.004614e+01 
58 523 0 0 0 4.442450e+00 2.134474e+02 9.622706e+01 1.003149e+01 
59 532 0 0 0 4.471971e+00 2.137221e+02 9.602630e+01 1.008163e+01 
60 541 0 0 0 4.496614e+00 2.138067e+02 9.576436e+01 1.003945e+01 
61 550 0 0 0 4.477871e+00 2.144005e+02 9.529163e+01 1.019061e+01 
62 559 0 0 0 4.441915e+00 2.145887e+02 9.498064e+01 1.016018e+01 
63 568 0 0 0 4.408495e+00 2.139214e+02 9.512810e+01 1.007520e+01 
64 577 0 0 0 4.396326e+00 2.143530e+02 9.527506e+01 1.008010e+01 
65 586 0 0 0 4.400570e+00 2.139455e+02 9.540519e+01 1.013524e+01 
66 595 0 0 0 4.426548e+00 2.135988e+02 9.560981e+01 1.006664e+01 
67 604 0 0 0 4.410504e+00 2.141194e+02 9.545085e+01 1.006518e+01 
68 613 0 0 0 4.399673e+00 2.141336e+02 9.524204e+01 1.009211e+01 
69 622 0 0 0 4.414178e+00 2.144469e+02 9.510005e+01 1.007464e+01 
70 631 0 0 0 4.420881e+00 2.146601e+02 9.461530e+01 1.009396e+01 
71 640 0 0 0 4.440213e+00 2.147237e+02 9.485687e+01 1.011913e+01 
72 649 0 0 0 4.449541e+00 2.144376e+02 9.519802e+01 1.008980e+01 
73 658 0 0 0 4.463301e+00 2.145733e+02 9.492811e+01 1.008768e+01 
74 667 0 0 0 4.489301e+00 2.148448e+02 9.467861e+01 1.012864e+01 
75 676 0 0 0 4.524313e+00 2.143833e+02 9.507470e+01 1.007135e+01 
76 685 0 0 0 4.527322e+00 2.147214e+02 9.438066e+01 1.010778e+01 
77 694 0 0 0 4.539205e+00 2.142911e+02 9.453504e+01 1.009281e+01 
78 703 0 0 0 4.558293e+00 2.150900e+02 9.388893e+01 1.011187e+01 
79 712 0 0 0 4.541286e+00 2.147313e+02 9.404615e+01 1.012170e+01 
80 721 0 0 0 4.537999e+00 2.148887e+02 9.403791e+01 1.010713e+01 
81 730 0 0 0 4.548544e+00 2.150237e+02 9.426608e+01 1.012113e+01 
82 739 0 0 0 4.547250e+00 2.149644e+02 9.436801e+01 1.010915e+01 
83 748 0 0 0 4.562228e+00 2.151182e+02 9.432392e+01 1.011448e+01 
84 757 0 0 0 4.572870e+00 2.154295e+02 9.377681e+01 1.013573e+01 
85 766 0 0 0 4.581244e+00 2.152933e+02 9.405878e+01 1.011989e+01 
86 775 0 0 0 4.571363e+00 2.151773e+02 9.421698e+01 1.012456e+01 
87 784 0 0 0 4.577638e+00 2.151953e+02 9.428412e+01 1.011888e+01 
88 793 0 0 0 4.562148e+00 2.150812e+02 9.437282e+01 1.010651e+01 
89 802 0 0 0 4.577031e+00 2.151203e+02 9.435906e+01 1.009813e+01 
90 811 0 0 0 4.576524e+00 2.151574e+02 9.426242e+01 1.010156e+01 
91 820 0 0 0 4.579638e+00 2.153282e+02 9.414061e+01 1.011947e+01 
92 829 0 0 0 4.577558e+00 2.151676e+02 9.432232e+01 1.010246e+01 
93 838 0 0 0 4.584144e+00 2.151977e+02 9.425612e+01 1.010616e+01 
94 847 0 0 0 4.583618e+00 2.151050e+02 9.435352e+01 1.009933e+01 
95 856 0 0 0 4.578318e+00 2.151218e+02 9.438913e+01 1.010367e+01 
96 865 0 0 0 4.583430e+00 2.150713e+02 9.437809e+01 1.010437e+01 
97 874 0 0 0 4.581183e+00 2.149785e+02 9.445266e+01 1.009965e+01 
98 883 0 0 0 4.580906e+00 2.150523e+02 9.437598e+01 1.010094e+01 
99 892 0 0 0 4.581560e+00 2.150435e+02 9.439247e+01 1.009822e+01 
100 901 0 0 0 4.584405e+00 2.150895e+02 9.437685e+01 1.010064e+01 
101 910 0 0 0 4.584203e+00 2.151004e+02 9.436235e+01 1.010191e+01 
102 919 0 0 0 4.583244e+00 2.151321e+02 9.434347e+01 1.010211e+01 
103 928 0 0 0 4.584974e+00 2.151967e+02 9.428550e+01 1.010633e+01 
104 937 0 0 0 4.585640e+00 2.151747e+02 9.430335e+01 1.010397e+01 
105 946 0 0 0 4.584269e+00 2.151670e+02 9.431994e+01 1.010362e+01 
106 955 0 0 0 4.586815e+00 2.151625e+02 9.432346e+01 1.010298e+01 
107 964 0 0 0 4.586196e+00 2.151468e+02 9.433271e+01 1.010260e+01 
108 973 0 0 0 4.586583e+00 2.151473e+02 9.434417e+01 1.010268e+01 
109 982 0 0 0 4.586999e+00 2.151688e+02 9.432499e+01 1.010296e+01 
110 991 0 0 0 4.586925e+00 2.151820e+02 9.431779e+01 1.010335e+01 
111 1000 0 0 0 4.587545e+00 2.151962e+02 9.431928e+01 1.010402e+01 
112 1009 0 0 0 4.586770e+00 2.151618e+02 9.434860e+01 1.010266e+01 
113 1018 0 0 0 4.586249e+00 2.151320e+02 9.437127e+01 1.010106e+01 
114 1027 0 0 0 4.585457e+00 2.151221e+02 9.438425e+01 1.009997e+01 
115 1036 0 0 0 4.586573e+00 2.151496e+02 9.436083e+01 1.010128e+01 
116 1045 0 0 0 4.586145e+00 2.151286e+02 9.438411e+01 1.010036e+01 
117 1054 0 0 0 4.586214e+00 2.151419e+02 9.437560e+01 1.010119e+01 
118 1063 0 0 0 4.586370e+00 2.151508e+02 9.436998e+01 1.010126e+01 
119 1072 0 0 0 4.586605e+00 2.151493e+02 9.436795e+01 1.010129e+01 
120 1081 0 0 0 4.586816e+00 2.151534e+02 9.437124e+01 1.010150e+01 
121 1090 0 0 0 4.586591e+00 2.151350e+02 9.439005e+01 1.010050e+01 
122 1099 0 0 0 4.586789e+00 2.151401e+02 9.438337e+01 1.010069e+01 
123 1108 0 0 0 4.586545e+00 2.151292e+02 9.439542e+01 1.010006e+01 
124 1117 0 0 0 4.586385e+00 2.151155e+02 9.441411e+01 1.009942e+01 
125 1126 0 0 0 4.586162e+00 2.151058e+02 9.443175e+01 1.009867e+01 
126 1135 0 0 0 4.585994e+00 2.150925e+02 9.444928e+01 1.009830e+01 
127 1144 0 0 0 4.586083e+00 2.150938e+02 9.445005e+01 1.009834e+01 
128 1153 0 0 0 4.586165e+00 2.150974e+02 9.443441e+01 1.009806e+01 
129 1162 0 0 0 4.585952e+00 2.150820e+02 9.445718e+01 1.009747e+01 
130 1171 0 0 0 4.585678e+00 2.150663e+02 9.447051e+01 1.009663e+01 
131 1180 0 0 0 4.585673e+00 2.150602e+02 9.447297e+01 1.009635e+01 
132 1189 0 0 0 4.585127e+00 2.150335e+02 9.450714e+01 1.009478e+01 
133 1198 0 0 0 4.584929e+00 2.150238e+02 9.452085e+01 1.009385e+01 
134 1207 0 0 0 4.584659e+00 2.150012e+02 9.454609e+01 1.009272e+01 
135 1216 0 0 0 4.584800e+00 2.150048e+02 9.454367e+01 1.009273e+01 
136 1225 0 0 0 4.584272e+00 2.149806e+02 9.457344e+01 1.009143e+01 
137 1234 0 0 0 4.584109e+00 2.149794e+02 9.458285e+01 1.009090e+01 
138 1243 0 0 0 4.584152e+00 2.149655e+02 9.459674e+01 1.009029e+01 
139 1252 0 0 0 4.584014e+00 2.149554e+02 9.459747e+01 1.008983e+01 
140 1261 0 0 0 4.583991e+00 2.149500e+02 9.460933e+01 1.008953e+01 
141 1270 0 0 0 4.583858e+00 2.149410e+02 9.462077e+01 1.008872e+01 
142 1279 0 0 0 4.583749e+00 2.149313e+02 9.463455e+01 1.008814e+01 
143 1288 0 0 0 4.583192e+00 2.148972e+02 9.467709e+01 1.008637e+01 
144 1297 0 0 0 4.582901e+00 2.148810e+02 9.469390e+01 1.008531e+01 
145 1306 0 0 0 4.582609e+00 2.148562e+02 9.471886e+01 1.008390e+01 
146 1315 0 0 0 4.581439e+00 2.147910e+02 9.479847e+01 1.007983e+01 
147 1324 0 0 0 4.581977e+00 2.148168e+02 9.477031e+01 1.008117e+01 
148 1333 0 0 0 4.581878e+00 2.148057e+02 9.477796e+01 1.008066e+01 
149 1342 0 0 0 4.580736e+00 2.147435e+02 9.484795e+01 1.007711e+01 
150 1351 0 0 0 4.580786e+00 2.147412e+02 9.485524e+01 1.007703e+01 
151 1360 0 0 0 4.580521e+00 2.147287e+02 9.486509e+01 1.007640e+01 
152 1369 0 0 0 4.580589e+00 2.147340e+02 9.486533e+01 1.007646e+01 
153 1378 0 0 0 4.580783e+00 2.147366e+02 9.486236e+01 1.007663e+01 
154 1387 0 0 0 4.580725e+00 2.147398e+02 9.486280e+01 1.007671e+01 
155 1396 0 0 0 4.580797e+00 2.147451e+02 9.485534e+01 1.007696e+01 
156 1405 0 0 0 4.581040e+00 2.147544e+02 9.484367e+01 1.007756e+01 
157 1414 0 0 0 4.580855e+00 2.147416e+02 9.486046e+01 1.007690e+01 
158 1423 0 0 0 4.580798e+00 2.147374e+02 9.486260e+01 1.007660e+01 
159 1432 0 0 0 4.580806e+00 2.147357e+02 9.486345e+01 1.007650e+01 
160 1441 0 0 0 4.580648e+00 2.147298e+02 9.487378e+01 1.007604e+01 
161 1450 0 0 0 4.580622e+00 2.147277e+02 9.487678e+01 1.007590e+01 
162 1459 0 0 0 4.580594e+00 2.147262e+02 9.487758e+01 1.007590e+01 
163 1468 0 0 0 4.580621e+00 2.147287e+02 9.487483e+01 1.007601e+01 
164 1477 0 0 0 4.580703e+00 2.147345e+02 9.486796e+01 1.007634e+01 
165 1486 0 0 0 4.580825e+00 2.147403e+02 9.486099e+01 1.007665e+01 
166 1495 0 0 0 4.580801e+00 2.147391e+02 9.486347e+01 1.007659e+01 
167 1504 0 0 0 4.580821e+00 2.147404e+02 9.486271e+01 1.007665e+01 
168 1513 0 0 0 4.580771e+00 2.147380e+02 9.486566e+01 1.007650e+01 
169 1522 0 0 0 4.580778e+00 2.147379e+02 9.486553e+01 1.007649e+01 
170 1531 0 0 0 4.580729e+00 2.147356e+02 9.486841e+01 1.007632e+01 
171 1540 0 0 0 4.580738e+00 2.147360e+02 9.486788e+01 1.007634e+01 
172 1549 0 0 0 4.580720e+00 2.147346e+02 9.486930e+01 1.007627e+01 
173 1558 0 0 0 4.580748e+00 2.147357e+02 9.486763e+01 1.007633e+01 
174 1567 0 0 0 4.580791e+00 2.147382e+02 9.486489e+01 1.007647e+01 
175 1576 0 0 0 4.580796e+00 2.147382e+02 9.486483e+01 1.007647e+01 
176 1585 0 0 0 4.580797e+00 2.147379e+02 9.486514e+01 1.007646e+01 
177 1594 0 0 0 4.580791e+00 2.147373e+02 9.486595e+01 1.007642e+01 
178 1603 0 0 0 4.580781e+00 2.147361e+02 9.486738e+01 1.007636e+01 
179 1612 0 0 0 4.580801e+00 2.147366e+02 9.486675e+01 1.007638e+01 
180 1621 0 0 0 4.580796e+00 2.147356e+02 9.486823e+01 1.007632e+01 
181 1630 0 0 0 4.580861e+00 2.147386e+02 9.486434e+01 1.007650e+01 
182 1639 0 0 0 4.580817e+00 2.147343e+02 9.486976e+01 1.007625e+01 
183 1648 0 0 0 4.580833e+00 2.147323e+02 9.487212e+01 1.007614e+01 
184 1657 0 0 0 4.580842e+00 2.147299e+02 9.487462e+01 1.007598e+01 
185 1666 0 0 0 4.580879e+00 2.147313e+02 9.487328e+01 1.007608e+01 
186 1675 0 0 0 4.580933e+00 2.147355e+02 9.486726e+01 1.007638e+01 
187 1684 0 0 0 4.580875e+00 2.147358e+02 9.486686e+01 1.007639e+01 
188 1693 0 0 0 4.580968e+00 2.147393e+02 9.486305e+01 1.007659e+01 
189 1702 0 0 0 4.580944e+00 2.147349e+02 9.486809e+01 1.007632e+01 
190 1711 0 0 0 4.580948e+00 2.147342e+02 9.486921e+01 1.007629e+01 
191 1720 0 0 0 4.580919e+00 2.147326e+02 9.487120e+01 1.007617e+01 
192 1729 0 0 0 4.580900e+00 2.147312e+02 9.487265e+01 1.007609e+01 
193 1738 0 0 0 4.580937e+00 2.147347e+02 9.486828e+01 1.007629e+01 
194 1747 0 0 0 4.580924e+00 2.147343e+02 9.486832e+01 1.007628e+01 
195 1756 0 0 0 4.580963e+00 2.147354e+02 9.486728e+01 1.007634e+01 
196 1765 0 0 0 4.580944e+00 2.147347e+02 9.486817e+01 1.007629e+01 
197 1774 0 0 0 4.580968e+00 2.147357e+02 9.486693e+01 1.007635e+01 
198 1783 0 0 0 4.580966e+00 2.147356e+02 9.486736e+01 1.007633e+01 
199 1792 0 0 0 4.580971e+00 2.147363e+02 9.486684e+01 1.007637e+01 
200 1801 0 0 0 4.580971e+00 2.147362e+02 9.486704e+01 1.007636e+01 
201 1810 0 0 0 4.580970e+00 2.147357e+02 9.486786e+01 1.007633e+01 
202 1819 0 0 0 4.580974e+00 2.147358e+02 9.486786e+01 1.007633e+01 
203 1828 0 0 0 4.580943e+00 2.147342e+02 9.486961e+01 1.007624e+01 
204 1837 0 0 0 4.580954e+00 2.147351e+02 9.486838e+01 1.007629e+01 
205 1846 0 0 0 4.580966e+00 2.147355e+02 9.486830e+01 1.007631e+01 
206 1855 0 0 0 4.580952e+00 2.147348e+02 9.486894e+01 1.007627e+01 
207 1864 0 0 0 4.580969e+00 2.147359e+02 9.486781e+01 1.007634e+01 
208 1873 0 0 0 4.580963e+00 2.147355e+02 9.486847e+01 1.007630e+01 
209 1882 0 0 0 4.580962e+00 2.147355e+02 9.486852e+01 1.007630e+01 
210 1891 0 0 0 4.580962e+00 2.147352e+02 9.486890e+01 1.007629e+01 
211 1900 0 0 0 4.580956e+00 2.147348e+02 9.486921e+01 1.007626e+01 
212 1909 0 0 0 4.580955e+00 2.147349e+02 9.486898e+01 1.007627e+01 
213 1918 0 0 0 4.580968e+00 2.147355e+02 9.486822e+01 1.007631e+01 
214 1927 0 0 0 4.580968e+00 2.147355e+02 9.486809e+01 1.007632e+01 
215 1936 0 0 0 4.580960e+00 2.147352e+02 9.486852e+01 1.007629e+01 
216 1945 0 0 0 4.580970e+00 2.147355e+02 9.486824e+01 1.007631e+01 
217 1954 0 0 0 4.580968e+00 2.147355e+02 9.486828e+01 1.007631e+01 
218 1963 0 0 0 4.580974e+00 2.147358e+02 9.486803e+01 1.007632e+01 
219 1972 0 0 0 4.580972e+00 2.147357e+02 9.486815e+01 1.007632e+01 
220 1981 0 0 0 4.580969e+00 2.147356e+02 9.486836e+01 1.007631e+01 
221 1990 0 0 0 4.580971e+00 2.147356e+02 9.486840e+01 1.007631e+01 
222 1999 0 0 0 4.580971e+00 2.147356e+02 9.486826e+01 1.007631e+01 
223 2008 0 0 0 4.580969e+00 2.147355e+02 9.486841e+01 1.007631e+01 
224 2017 0 0 0 4.580970e+00 2.147355e+02 9.486841e+01 1.007631e+01 
225 2026 0 0 0 4.580968e+00 2.147354e+02 9.486857e+01 1.007630e+01 
226 2035 0 0 0 4.580973e+00 2.147357e+02 9.486829e+01 1.007631e+01 
227 2044 0 0 0 4.580965e+00 2.147353e+02 9.486876e+01 1.007629e+01 
228 2053 0 0 0 4.580967e+00 2.147355e+02 9.486855e+01 1.007630e+01 
229 2062 0 0 0 4.580969e+00 2.147355e+02 9.486848e+01 1.007630e+01 
230 2071 0 0 0 4.580969e+00 2.147356e+02 9.486843e+01 1.007631e+01 
231 2080 0 0 0 4.580969e+00 2.147356e+02 9.486839e+01 1.007631e+01 
232 2089 0 0 0 4.580971e+00 2.147357e+02 9.486827e+01 1.007632e+01 
233 2098 0 0 0 4.580969e+00 2.147356e+02 9.486838e+01 1.007631e+01 
234 2107 0 0 0 4.580968e+00 2.147355e+02 9.486848e+01 1.007630e+01 
235 2116 0 0 0 4.580968e+00 2.147355e+02 9.486847e+01 1.007630e+01 
236 2125 0 0 0 4.580967e+00 2.147355e+02 9.486856e+01 1.007630e+01 
237 2134 0 0 0 4.580969e+00 2.147355e+02 9.486848e+01 1.007630e+01 
238 2143 0 0 0 4.580969e+00 2.147355e+02 9.486849e+01 1.007630e+01 
239 2152 0 0 0 4.580969e+00 2.147355e+02 9.486854e+01 1.007630e+01 
240 2161 0 0 0 4.580968e+00 2.147354e+02 9.486864e+01 1.007630e+01 
241 2170 0 0 0 4.580970e+00 2.147355e+02 9.486850e+01 1.007631e+01 
242 2179 0 0 0 4.580970e+00 2.147355e+02 9.486849e+01 1.007630e+01 
243 2188 0 0 0 4.580972e+00 2.147356e+02 9.486841e+01 1.007631e+01 
244 2197 0 0 0 4.580971e+00 2.147355e+02 9.486844e+01 1.007631e+01 
245 2206 0 0 0 4.580971e+00 2.147355e+02 9.486846e+01 1.007631e+01 
246 2215 0 0 0 4.580972e+00 2.147356e+02 9.486845e+01 1.007631e+01 
247 2224 0 0 0 4.580971e+00 2.147355e+02 9.486849e+01 1.007631e+01 
248 2233 0 0 0 4.580970e+00 2.147355e+02 9.486851e+01 1.007630e+01 
249 2242 0 0 0 4.580970e+00 2.147355e+02 9.486852e+01 1.007630e+01 
250 2251 0 0 0 4.580970e+00 2.147355e+02 9.486853e+01 1.007630e+01 
251 2260 0 0 0 4.580970e+00 2.147355e+02 9.486852e+01 1.007630e+01 
252 2269 0 0 0 4.580970e+00 2.147355e+02 9.486855e+01 1.007630e+01 
253 2278 0 0 0 4.580970e+00 2.147355e+02 9.486856e+01 1.007630e+01 
254 2287 0 0 0 4.580971e+00 2.147355e+02 9.486856e+01 1.007630e+01 
255 2296 0 0 0 4.580970e+00 2.147355e+02 9.486857e+01 1.007630e+01 
256 2305 0 0 0 4.580971e+00 2.147355e+02 9.486854e+01 1.007630e+01 
257 2314 0 0 0 4.580970e+00 2.147355e+02 9.486855e+01 1.007630e+01 
258 2323 0 0 0 4.580970e+00 2.147355e+02 9.486856e+01 1.007630e+01 
259 2332 0 0 0 4.580970e+00 2.147355e+02 9.486857e+01 1.007630e+01 
260 2341 0 0 0 4.580970e+00 2.147355e+02 9.486858e+01 1.007630e+01 
261 2350 0 0 0 4.580970e+00 2.147355e+02 9.486856e+01 1.007630e+01 
262 2359 0 0 0 4.580970e+00 2.147355e+02 9.486857e+01 1.007630e+01 
263 2368 0 0 0 4.580970e+00 2.147355e+02 9.486857e+01 1.007630e+01 
264 2377 0 0 0 4.580970e+00 2.147355e+02 9.486857e+01 1.007630e+01 
265 2386 0 0 0 4.580970e+00 2.147355e+02 9.486857e+01 1.007630e+01 
266 2395 0 0 0 4.580970e+00 2.147355e+02 9.486857e+01 1.007630e+01 
267 2404 0 0 0 4.580970e+00 2.147355e+02 9.486856e+01 1.007630e+01 
268 2413 0 0 0 4.580970e+00 2.147355e+02 9.486856e+01 1.007630e+01 
269 2422 0 0 0 4.580970e+00 2.147355e+02 9.486855e+01 1.007630e+01 
270 2431 0 0 0 4.580970e+00 2.147355e+02 9.486856e+01 1.007630e+01 
271 2440 0 0 0 4.580970e+00 2.147355e+02 9.486856e+01 1.007630e+01 
272 2449 0 0 0 4.580970e+00 2.147355e+02 9.486855e+01 1.007630e+01 
273 2458 0 0 0 4.580970e+00 2.147355e+02 9.486855e+01 1.007630e+01 
274 2467 0 0 0 4.580971e+00 2.147355e+02 9.486856e+01 1.007630e+01 
275 2476 0 0 0 4.580971e+00 2.147355e+02 9.486855e+01 1.007630e+01 
276 2485 0 0 0 4.580971e+00 2.147355e+02 9.486855e+01 1.007630e+01 
277 2494 0 0 0 4.580971e+00 2.147355e+02 9.486854e+01 1.007630e+01 
278 2503 0 0 0 4.580971e+00 2.147355e+02 9.486854e+01 1.007630e+01 
279 2512 0 0 0 4.580971e+00 2.147355e+02 9.486855e+01 1.007630e+01 
280 2521 0 0 0 4.580971e+00 2.147355e+02 9.486856e+01 1.007630e+01 
281 2530 0 0 0 4.580971e+00 2.147355e+02 9.486856e+01 1.007630e+01 
282 2539 0 0 0 4.580970e+00 2.147355e+02 9.486856e+01 1.007630e+01 
283 2548 0 0 0 4.580970e+00 2.147355e+02 9.486857e+01 1.007630e+01 
284 2557 0 0 0 4.580970e+00 2.147355e+02 9.486857e+01 1.007630e+01 
285 2566 0 0 0 4.580970e+00 2.147355e+02 9.486856e+01 1.007630e+01 
286 2575 0 0 0 4.580970e+00 2.147355e+02 9.486857e+01 1.007630e+01 
287 2584 0 0 0 4.580970e+00 2.147355e+02 9.486857e+01 1.007630e+01 
288 2593 0 0 0 4.580970e+00 2.147355e+02 9.486857e+01 1.007630e+01 
289 2602 0 0 0 4.580970e+00 2.147355e+02 9.486857e+01 1.007630e+01 
290 2611 0 0 0 4.580970e+00 2.147355e+02 9.486857e+01 1.007630e+01 
291 2620 0 0 0 4.580970e+00 2.147355e+02 9.486857e+01 1.007630e+01 
292 2629 0 0 0 4.580971e+00 2.147355e+02 9.486857e+01 1.007630e+01 
293 2638 0 0 0 4.580970e+00 2.147355e+02 9.486857e+01 1.007630e+01 
294 2647 0 0 0 4.580970e+00 2.147355e+02 9.486857e+01 1.007630e+01 
295 2656 0 0 0 4.580970e+00 2.147355e+02 9.486857e+01 1.007630e+01 
296 2665 0 0 0 4.580970e+00 2.147355e+02 9.486857e+01 1.007630e+01 
297 2674 0 0 0 4.580970e+00 2.147355e+02 9.486857e+01 1.007630e+01 
298 2683 0 0 0 4.580971e+00 2.147355e+02 9.486857e+01 1.007630e+01 
299 2692 0 0 0 4.580970e+00 2.147355e+02 9.486857e+01 1.007630e+01 
300 2701 0 0 0 4.580970e+00 2.147355e+02 9.486857e+01 1.007630e+01 
301 2710 0 0 0 4.580970e+00 2.147355e+02 9.486857e+01 1.007630e+01 
302 2719 0 0 0 4.580971e+00 2.147355e+02 9.486857e+01 1.007630e+01 
303 2728 0 0 0 4.580971e+00 2.147355e+02 9.486857e+01 1.007630e+01 
304 2737 0 0 0 4.580970e+00 2.147355e+02 9.486857e+01 1.007630e+01 
305 2746 0 0 0 4.580971e+00 2.147355e+02 9.486857e+01 1.007630e+01 
306 2755 0 0 0 4.580971e+00 2.147355e+02 9.486857e+01 1.007630e+01 
307 2764 0 0 0 4.580971e+00 2.147355e+02 9.486857e+01 1.007630e+01 
308 2773 0 0 0 4.580971e+00 2.147355e+02 9.486857e+01 1.007630e+01 
309 2782 0 0 0 4.580971e+00 2.147355e+02 9.486857e+01 1.007630e+01 
310 2791 0 0 0 4.580971e+00 2.147355e+02 9.486857e+01 1.007630e+01 
311 2800 0 0 0 4.580971e+00 2.147355e+02 9.486857e+01 1.007630e+01 
312 2809 0 0 0 4.580971e+00 2.147355e+02 9.486857e+01 1.007630e+01 
313 2818 0 0 0 4.580971e+00 2.147355e+02 9.486857e+01 1.007630e+01 
314 2827 0 0 0 4.580971e+00 2.147355e+02 9.486857e+01 1.007630e+01 
315 2836 0 0 0 4.580971e+00 2.147355e+02 9.486857e+01 1.007630e+01 
316 2845 0 0 0 4.580971e+00 2.147355e+02 9.486857e+01 1.007630e+01 
317 2854 0 0 0 4.580971e+00 2.147355e+02 9.486857e+01 1.007630e+01 
318 2863 0 0 0 4.580971e+00 2.147355e+02 9.486857e+01 1.007630e+01 
319 2872 0 0 0 4.580971e+00 2.147355e+02 9.486857e+01 1.007630e+01 
320 2881 0 0 0 4.580971e+00 2.147355e+02 9.486857e+01 1.007630e+01 
321 2890 0 0 0 4.580971e+00 2.147355e+02 9.486857e+01 1.007630e+01 
322 2899 0 0 0 4.580971e+00 2.147355e+02 9.486857e+01 1.007630e+01 
323 2908 0 0 0 4.580971e+00 2.147355e+02 9.486857e+01 1.007630e+01 
324 2917 0 0 0 4.580971e+00 2.147355e+02 9.486857e+01 1.007630e+01 
325 2926 0 0 0 4.580971e+00 2.147355e+02 9.486857e+01 1.007630e+01 
326 2935 0 0 0 4.580971e+00 2.147355e+02 9.486857e+01 1.007630e+01 
327 2944 0 0 0 4.580971e+00 2.147355e+02 9.486857e+01 1.007630e+01 
328 2953 0 0 0 4.580971e+00 2.147355e+02 9.486857e+01 1.007630e+01 
329 2962 0 0 0 4.580971e+00 2.147355e+02 9.486857e+01 1.007630e+01 
330 2971 0 0 0 4.580971e+00 2.147355e+02 9.486857e+01 1.007630e+01 
331 2980 0 0 0 4.580971e+00 2.147355e+02 9.486857e+01 1.007630e+01 
332 2989 0 0 0 4.580971e+00 2.147355e+02 9.486857e+01 1.007630e+01 
333 2998 0 0 0 4.580971e+00 2.147355e+02 9.486857e+01 1.007630e+01 
334 3007 0 0 0 4.580971e+00 2.147355e+02 9.486857e+01 1.007630e+01 
335 3016 0 0 0 4.580971e+00 2.147355e+02 9.486857e+01 1.007630e+01 
336 3025 0 0 0 4.580971e+00 2.147355e+02 9.486857e+01 1.007630e+01 
337 3034 0 0 0 4.580971e+00 2.147355e+02 9.486857e+01 1.007630e+01 
338 3043 0 0 0 4.580971e+00 2.147355e+02 9.486857e+01 1.007630e+01 
339 3052 0 0 0 4.580971e+00 2.147355e+02 9.486857e+01 1.007630e+01 
340 3061 0 0 0 4.580971e+00 2.147355e+02 9.486857e+01 1.007630e+01 
341 3070 0 0 0 4.580971e+00 2.147355e+02 9.486857e+01 1.007630e+01 
342 3079 0 0 0 4.580971e+00 2.147355e+02 9.486857e+01 1.007630e+01 
343 3088 0 0 0 4.580971e+00 2.147355e+02 9.486857e+01 1.007630e+01 
344 3097 0 0 0 4.580971e+00 2.147355e+02 9.486857e+01 1.007630e+01 
345 3106 0 0 0 4.580971e+00 2.147355e+02 9.486857e+01 1.007630e+01 
346 3115 0 0 0 4.580971e+00 2.147355e+02 9.486857e+01 1.007630e+01 
347 3124 0 0 0 4.580971e+00 2.147355e+02 9.486857e+01 1.007630e+01 
348 3133 0 0 0 4.580971e+00 2.147355e+02 9.486857e+01 1.007630e+01 
349 3142 0 0 0 4.580971e+00 2.147355e+02 9.486857e+01 1.007630e+01 
350 3151 0 0 0 4.580971e+00 2.147355e+02 9.486857e+01 1.007630e+01 
351 3160 0 0 0 4.580971e+00 2.147355e+02 9.486857e+01 1.007630e+01 
352 3169 0 0 0 4.580971e+00 2.147355e+02 9.486857e+01 1.007630e+01 
353 3178 0 0 0 4.580971e+00 2.147355e+02 9.486857e+01 1.007630e+01 
354 3187 0 0 0 4.580971e+00 2.147355e+02 9.486857e+01 1.007630e+01 
355 3196 0 0 0 4.580971e+00 2.147355e+02 9.486857e+01 1.007630e+01 
356 3205 0 0 0 4.580971e+00 2.147355e+02 9.486857e+01 1.007630e+01 
357 3214 0 0 0 4.580971e+00 2.147355e+02 9.486857e+01 1.007630e+01 
358 3223 0 0 0 4.580971e+00 2.147355e+02 9.486857e+01 1.007630e+01 
359 3232 0 0 0 4.580971e+00 2.147355e+02 9.486857e+01 1.007630e+01 
360 3241 0 0 0 4.580971e+00 2.147355e+02 9.486857e+01 1.007630e+01 
361 3250 0 0 0 4.580971e+00 2.147355e+02 9.486857e+01 1.007630e+01 
362 3259 0 0 0 4.580971e+00 2.147355e+02 9.486857e+01 1.007630e+01 
363 3268 0 0 0 4.580971e+00 2.147355e+02 9.486857e+01 1.007630e+01 
364 3277 0 0 0 4.580971e+00 2.147355e+02 9.486857e+01 1.007630e+01 
365 3286 0 0 0 4.580971e+00 2.147355e+02 9.486857e+01 1.007630e+01 
366 3295 0 0 0 4.580971e+00 2.147355e+02 9.486857e+01 1.007630e+01 
367 3304 0 0 0 4.580971e+00 2.147355e+02 9.486857e+01 1.007630e+01 
368 3313 0 0 0 4.580971e+00 2.147355e+02 9.486857e+01 1.007630e+01 
369 3322 0 0 0 4.580971e+00 2.147355e+02 9.486857e+01 1.007630e+01 
370 3331 0 0 0 4.580971e+00 2.147355e+02 9.486857e+01 1.007630e+01 
371 3340 0 0 0 4.580971e+00 2.147355e+02 9.486857e+01 1.007630e+01 
372 3349 0 0 0 4.580971e+00 2.147355e+02 9.486857e+01 1.007630e+01 
373 3358 0 0 0 4.580971e+00 2.147355e+02 9.486857e+01 1.007630e+01 
374 3367 0 0 0 4.580971e+00 2.147355e+02 9.486857e+01 1.007630e+01 
375 3376 0 0 0 4.580971e+00 2.147355e+02 9.486857e+01 1.007630e+01 
376 3385 0 0 0 4.580971e+00 2.147355e+02 9.486857e+01 1.007630e+01 
377 3394 0 0 0 4.580971e+00 2.147355e+02 9.486857e+01 1.007630e+01 
378 3403 0 0 0 4.580971e+00 2.147355e+02 9.486857e+01 1.007630e+01 
379 3412 0 0 0 4.580971e+00 2.147355e+02 9.486857e+01 1.007630e+01 
380 3421 0 0 0 4.580971e+00 2.147355e+02 9.486857e+01 1.007630e+01 
381 3430 0 0 0 4.580971e+00 2.147355e+02 9.486857e+01 1.007630e+01 
382 3439 0 0 0 4.580971e+00 2.147355e+02 9.486857e+01 1.007630e+01 
1 3458 0 0 0 -2.706812e-01 2.064934e+02 8.320848e+01 1.416762e+01 
2 3475 0 0 0 6.948267e-01 2.426773e+02 6.868213e+01 1.212747e+01 
3 3492 0 0 0 2.188998e+00 2.103314e+02 7.468883e+01 1.095466e+01 
4 3509 0 0 0 3.639518e+00 2.193949e+02 7.665224e+01 9.135206e+00 
5 3526 0 0 0 4.227656e+00 1.922016e+02 6.904895e+01 7.758452e+00 
6 3543 0 0 0 2.925546e+00 2.055888e+02 6.990224e+01 8.706188e+00 
7 3560 0 0 0 4.038544e+00 2.181302e+02 8.448152e+01 7.329094e+00 
8 3577 0 0 0 3.721149e+00 2.156411e+02 8.687973e+01 8.403433e+00 
9 3594 0 0 0 3.643039e+00 2.144468e+02 8.841928e+01 7.223141e+00 
10 3611 0 0 0 4.046288e+00 2.268670e+02 8.141587e+01 6.762738e+00 
11 3628 0 0 0 4.013738e+00 2.158880e+02 8.143770e+01 6.925233e+00 
12 3645 0 0 0 4.055383e+00 2.171233e+02 8.223489e+01 7.245212e+00 
13 3662 0 0 0 4.007128e+00 2.140131e+02 8.439648e+01 7.474174e+00 
14 3679 0 0 0 4.124465e+00 2.172403e+02 8.238596e+01 7.317445e+00 
15 3696 0 0 0 4.253861e+00 2.152638e+02 8.282282e+01 7.368528e+00 
16 3713 0 0 0 4.407036e+00 2.173435e+02 8.030962e+01 7.322466e+00 
17 3730 0 0 0 4.553403e+00 2.192979e+02 7.788214e+01 7.735200e+00 
18 3747 0 0 0 4.606174e+00 2.191783e+02 7.982681e+01 7.791108e+00 
19 3764 0 0 0 4.357369e+00 2.154656e+02 8.335032e+01 8.421317e+00 
20 3781 0 0 0 4.226110e+00 2.141307e+02 8.561876e+01 8.724857e+00 
21 3798 0 0 0 4.551290e+00 2.218669e+02 8.182508e+01 8.689184e+00 
22 3815 0 0 0 4.205320e+00 2.164507e+02 8.610186e+01 8.568449e+00 
23 3832 0 0 0 4.168154e+00 2.149903e+02 8.786766e+01 8.718599e+00 
24 3849 0 0 0 4.348617e+00 2.164487e+02 8.553537e+01 8.657476e+00 
25 3866 0 0 0 4.450793e+00 2.185845e+02 8.474482e+01 8.735290e+00 
26 3883 0 0 0 4.455642e+00 2.159774e+02 8.652837e+01 8.950888e+00 
27 3900 0 0 0 4.335491e+00 2.145962e+02 8.915760e+01 9.285699e+00 
28 3917 0 0 0 4.316243e+00 2.129560e+02 9.016182e+01 9.355115e+00 
29 3934 0 0 0 4.324701e+00 2.149838e+02 8.995464e+01 9.477506e+00 
30 3951 0 0 0 4.354075e+00 2.144629e+02 9.118108e+01 9.746197e+00 
31 3968 0 0 0 4.327245e+00 2.133074e+02 9.163160e+01 9.944124e+00 
32 3985 0 0 0 4.410753e+00 2.136908e+02 9.300893e+01 1.009547e+01 
33 4002 0 0 0 4.304206e+00 2.146985e+02 9.248737e+01 1.000948e+01 
34 4019 0 0 0 4.337453e+00 2.142329e+02 9.242068e+01 1.002745e+01 
35 4036 0 0 0 4.281310e+00 2.141413e+02 9.335107e+01 1.005789e+01 
36 4053 0 0 0 4.347174e+00 2.144829e+02 9.398217e+01 1.015108e+01 
37 4070 0 0 0 4.316641e+00 2.145230e+02 9.346232e+01 1.010529e+01 
38 4087 0 0 0 4.335352e+00 2.143496e+02 9.455303e+01 1.014596e+01 
39 4104 0 0 0 4.381198e+00 2.141778e+02 9.480093e+01 1.011665e+01 
40 4121 0 0 0 4.430195e+00 2.140596e+02 9.494060e+01 1.016493e+01 
41 4138 0 0 0 4.438363e+00 2.146108e+02 9.468621e+01 1.012440e+01 
42 4155 0 0 0 4.480515e+00 2.146234e+02 9.436768e+01 1.010592e+01 
43 4172 0 0 0 4.502382e+00 2.150440e+02 9.362695e+01 1.010985e+01 
44 4189 0 0 0 4.410222e+00 2.146502e+02 9.427270e+01 1.011016e+01 
45 4206 0 0 0 4.481022e+00 2.150393e+02 9.416633e+01 1.012999e+01 
46 4223 0 0 0 4.465832e+00 2.148973e+02 9.417097e+01 1.012514e+01 
47 4240 0 0 0 4.521166e+00 2.147371e+02 9.457331e+01 1.013160e+01 
48 4257 0 0 0 4.520205e+00 2.148068e+02 9.444245e+01 1.011344e+01 
49 4274 0 0 0 4.485757e+00 2.146573e+02 9.473487e+01 1.012151e+01 
50 4291 0 0 0 4.459553e+00 2.149199e+02 9.440475e+01 1.010494e+01 
51 4308 0 0 0 4.502761e+00 2.150408e+02 9.426203e+01 1.010192e+01 
52 4325 0 0 0 4.556368e+00 2.151303e+02 9.428284e+01 1.011454e+01 
53 4342 0 0 0 4.560853e+00 2.149235e+02 9.422565e+01 1.010976e+01 
54 4359 0 0 0 4.548731e+00 2.148193e+02 9.442109e+01 1.010562e+01 
55 4376 0 0 0 4.563897e+00 2.146931e+02 9.446686e+01 1.009798e+01 
56 4393 0 0 0 4.552968e+00 2.147707e+02 9.452369e+01 1.008884e+01 
57 4410 0 0 0 4.542977e+00 2.147098e+02 9.453579e+01 1.009295e+01 
58 4427 0 0 0 4.552815e+00 2.147616e+02 9.455753e+01 1.008502e+01 
59 4444 0 0 0 4.557377e+00 2.147184e+02 9.457921e+01 1.008101e+01 
60 4461 0 0 0 4.569054e+00 2.146963e+02 9.464374e+01 1.007760e+01 
61 4478 0 0 0 4.573525e+00 2.146845e+02 9.467619e+01 1.008038e+01 
62 4495 0 0 0 4.568884e+00 2.147733e+02 9.468242e+01 1.007954e+01 
63 4512 0 0 0 4.569362e+00 2.147309e+02 9.473719e+01 1.008145e+01 
64 4529 0 0 0 4.573193e+00 2.147325e+02 9.471368e+01 1.008418e+01 
65 4546 0 0 0 4.578182e+00 2.147020e+02 9.476038e+01 1.007823e+01 
66 4563 0 0 0 4.576187e+00 2.147095e+02 9.474572e+01 1.008536e+01 
67 4580 0 0 0 4.575934e+00 2.147428e+02 9.478519e+01 1.008322e+01 
68 4597 0 0 0 4.576586e+00 2.147453e+02 9.474001e+01 1.008058e+01 
69 4614 0 0 0 4.577316e+00 2.146912e+02 9.477719e+01 1.007781e+01 
70 4631 0 0 0 4.578047e+00 2.146735e+02 9.477917e+01 1.007681e+01 
71 4648 0 0 0 4.578919e+00 2.146951e+02 9.478064e+01 1.007804e+01 
72 4665 0 0 0 4.577744e+00 2.146864e+02 9.481643e+01 1.007690e+01 
73 4682 0 0 0 4.578823e+00 2.147355e+02 9.480892e+01 1.007896e+01 
74 4699 0 0 0 4.580185e+00 2.147557e+02 9.478711e+01 1.007943e+01 
75 4716 0 0 0 4.578700e+00 2.147468e+02 9.481231e+01 1.007848e+01 
76 4733 0 0 0 4.578812e+00 2.147577e+02 9.479065e+01 1.007948e+01 
77 4750 0 0 0 4.579443e+00 2.147749e+02 9.478116e+01 1.008018e+01 
78 4767 0 0 0 4.579589e+00 2.147724e+02 9.479100e+01 1.007994e+01 
79 4784 0 0 0 4.579770e+00 2.147628e+02 9.480984e+01 1.007898e+01 
80 4801 0 0 0 4.580211e+00 2.147635e+02 9.481295e+01 1.007852e+01 
81 4818 0 0 0 4.580652e+00 2.147502e+02 9.483592e+01 1.007749e+01 
82 4835 0 0 0 4.580453e+00 2.147281e+02 9.486320e+01 1.007629e+01 
83 4852 0 0 0 4.580237e+00 2.147299e+02 9.485968e+01 1.007685e+01 
84 4869 0 0 0 4.579962e+00 2.147302e+02 9.485524e+01 1.007671e+01 
85 4886 0 0 0 4.579865e+00 2.147138e+02 9.488504e+01 1.007539e+01 
86 4903 0 0 0 4.580077e+00 2.147045e+02 9.489879e+01 1.007486e+01 
87 4920 0 0 0 4.580147e+00 2.147220e+02 9.487373e+01 1.007619e+01 
88 4937 0 0 0 4.580538e+00 2.147378e+02 9.486242e+01 1.007682e+01 
89 4954 0 0 0 4.580316e+00 2.147275e+02 9.487256e+01 1.007631e+01 
90 4971 0 0 0 4.580669e+00 2.147359e+02 9.486006e+01 1.007668e+01 
91 4988 0 0 0 4.580508e+00 2.147265e+02 9.487195e+01 1.007614e+01 
92 5005 0 0 0 4.580654e+00 2.147295e+02 9.487028e+01 1.007622e+01 
93 5022 0 0 0 4.580760e+00 2.147315e+02 9.486955e+01 1.007620e+01 
94 5039 0 0 0 4.580724e+00 2.147260e+02 9.487494e+01 1.007598e+01 
95 5056 0 0 0 4.580839e+00 2.147357e+02 9.486355e+01 1.007646e+01 
96 5073 0 0 0 4.580889e+00 2.147365e+02 9.486245e+01 1.007653e+01 
97 5090 0 0 0 4.580935e+00 2.147391e+02 9.486217e+01 1.007662e+01 
98 5107 0 0 0 4.580879e+00 2.147343e+02 9.486750e+01 1.007631e+01 
99 5124 0 0 0 4.580871e+00 2.147358e+02 9.486658e+01 1.007643e+01 
100 5141 0 0 0 4.580913e+00 2.147365e+02 9.486590e+01 1.007642e+01 
101 5158 0 0 0 4.580931e+00 2.147367e+02 9.486655e+01 1.007639e+01 
102 5175 0 0 0 4.580937e+00 2.147359e+02 9.486692e+01 1.007640e+01 
103 5192 0 0 0 4.580906e+00 2.147349e+02 9.486768e+01 1.007633e+01 
104 5209 0 0 0 4.580923e+00 2.147345e+02 9.486875e+01 1.007629e+01 
105 5226 0 0 0 4.580946e+00 2.147350e+02 9.486846e+01 1.007631e+01 
106 5243 0 0 0 4.580977e+00 2.147366e+02 9.486674e+01 1.007639e+01 
107 5260 0 0 0 4.580961e+00 2.147374e+02 9.486581e+01 1.007645e+01 
108 5277 0 0 0 4.580934e+00 2.147364e+02 9.486707e+01 1.007638e+01 
109 5294 0 0 0 4.580925e+00 2.147347e+02 9.486909e+01 1.007627e+01 
110 5311 0 0 0 4.580922e+00 2.147353e+02 9.486825e+01 1.007631e+01 
111 5328 0 0 0 4.580930e+00 2.147345e+02 9.486937e+01 1.007625e+01 
112 5345 0 0 0 4.580944e+00 2.147348e+02 9.486919e+01 1.007627e+01 
113 5362 0 0 0 4.580944e+00 2.147347e+02 9.486921e+01 1.007626e+01 
114 5379 0 0 0 4.580946e+00 2.147353e+02 9.486844e+01 1.007630e+01 
115 5396 0 0 0 4.580953e+00 2.147357e+02 9.486816e+01 1.007632e+01 
116 5413 0 0 0 4.580951e+00 2.147350e+02 9.486902e+01 1.007627e+01 
117 5430 0 0 0 4.580960e+00 2.147351e+02 9.486882e+01 1.007628e+01 
118 5447 0 0 0 4.580967e+00 2.147357e+02 9.486826e+01 1.007632e+01 
119 5464 0 0 0 4.580956e+00 2.147350e+02 9.486899e+01 1.007628e+01 
120 5481 0 0 0 4.580955e+00 2.147352e+02 9.486880e+01 1.007629e+01 
121 5498 0 0 0 4.580959e+00 2.147353e+02 9.486867e+01 1.007629e+01 
122 5515 0 0 0 4.580963e+00 2.147355e+02 9.486843e+01 1.007631e+01 
123 5532 0 0 0 4.580963e+00 2.147353e+02 9.486867e+01 1.007630e+01 
124 5549 0 0 0 4.580966e+00 2.147353e+02 9.486874e+01 1.007629e+01 
125 5566 0 0 0 4.580966e+00 2.147354e+02 9.486859e+01 1.007630e+01 
126 5583 0 0 0 4.580967e+00 2.147354e+02 9.486855e+01 1.007630e+01 
127 5600 0 0 0 4.580967e+00 2.147354e+02 9.486860e+01 1.007630e+01 
128 5617 0 0 0 4.580968e+00 2.147356e+02 9.486841e+01 1.007631e+01 
129 5634 0 0 0 4.580969e+00 2.147356e+02 9.486839e+01 1.007631e+01 
130 5651 0 0 0 4.580970e+00 2.147356e+02 9.486840e+01 1.007631e+01 
131 5668 0 0 0 4.580970e+00 2.147355e+02 9.486848e+01 1.007630e+01 
132 5685 0 0 0 4.580969e+00 2.147355e+02 9.486848e+01 1.007630e+01 
133 5702 0 0 0 4.580970e+00 2.147355e+02 9.486851e+01 1.007630e+01 
134 5719 0 0 0 4.580969e+00 2.147355e+02 9.486853e+01 1.007630e+01 
135 5736 0 0 0 4.580970e+00 2.147355e+02 9.486852e+01 1.007630e+01 
136 5753 0 0 0 4.580971e+00 2.147355e+02 9.486851e+01 1.007630e+01 
137 5770 0 0 0 4.580970e+00 2.147355e+02 9.486856e+01 1.007630e+01 
138 5787 0 0 0 4.580970e+00 2.147355e+02 9.486853e+01 1.007630e+01 
139 5804 0 0 0 4.580970e+00 2.147355e+02 9.486856e+01 1.007630e+01 
140 5821 0 0 0 4.580970e+00 2.147355e+02 9.486855e+01 1.007630e+01 
141 5838 0 0 0 4.580970e+00 2.147355e+02 9.486855e+01 1.007630e+01 
142 5855 0 0 0 4.580971e+00 2.147355e+02 9.486854e+01 1.007630e+01 
143 5872 0 0 0 4.580970e+00 2.147355e+02 9.486855e+01 1.007630e+01 
144 5889 0 0 0 4.580970e+00 2.147355e+02 9.486855e+01 1.007630e+01 
145 5906 0 0 0 4.580970e+00 2.147355e+02 9.486856e+01 1.007630e+01 
146 5923 0 0 0 4.580970e+00 2.147355e+02 9.486856e+01 1.007630e+01 
147 5940 0 0 0 4.580970e+00 2.147355e+02 9.486856e+01 1.007630e+01 
148 5957 0 0 0 4.580970e+00 2.147355e+02 9.486857e+01 1.007630e+01 
149 5974 0 0 0 4.580970e+00 2.147355e+02 9.486856e+01 1.007630e+01 
150 5991 0 0 0 4.580970e+00 2.147355e+02 9.486857e+01 1.007630e+01 
151 6008 0 0 0 4.580970e+00 2.147355e+02 9.486856e+01 1.007630e+01 
152 6025 0 0 0 4.580971e+00 2.147355e+02 9.486856e+01 1.007630e+01 
153 6042 0 0 0 4.580970e+00 2.147355e+02 9.486856e+01 1.007630e+01 
154 6059 0 0 0 4.580970e+00 2.147355e+02 9.486856e+01 1.007630e+01 
155 6076 0 0 0 4.580970e+00 2.147355e+02 9.486857e+01 1.007630e+01 
156 6093 0 0 0 4.580970e+00 2.147355e+02 9.486857e+01 1.007630e+01 
157 6110 0 0 0 4.580970e+00 2.147355e+02 9.486857e+01 1.007630e+01 
158 6127 0 0 0 4.580970e+00 2.147355e+02 9.486857e+01 1.007630e+01 
159 6144 0 0 0 4.580970e+00 2.147355e+02 9.486857e+01 1.007630e+01 
160 6161 0 0 0 4.580970e+00 2.147355e+02 9.486857e+01 1.007630e+01 
161 6178 0 0 0 4.580970e+00 2.147355e+02 9.486857e+01 1.007630e+01 
162 6195 0 0 0 4.580970e+00 2.147355e+02 9.486857e+01 1.007630e+01 
163 6212 0 0 0 4.580970e+00 2.147355e+02 9.486857e+01 1.007630e+01 
164 6229 0 0 0 4.580971e+00 2.147355e+02 9.486857e+01 1.007630e+01 
165 6246 0 0 0 4.580970e+00 2.147355e+02 9.486857e+01 1.007630e+01 
166 6263 0 0 0 4.580971e+00 2.147355e+02 9.486857e+01 1.007630e+01 
167 6280 0 0 0 4.580971e+00 2.147355e+02 9.486857e+01 1.007630e+01 
168 6297 0 0 0 4.580971e+00 2.147355e+02 9.486857e+01 1.007630e+01 
169 6314 0 0 0 4.580971e+00 2.147355e+02 9.486857e+01 1.007630e+01 
170 6331 0 0 0 4.580971e+00 2.147355e+02 9.486857e+01 1.007630e+01 
171 6348 0 0 0 4.580971e+00 2.147355e+02 9.486857e+01 1.007630e+01 
172 6365 0 0 0 4.580971e+00 2.147355e+02 9.486857e+01 1.007630e+01 
173 6382 0 0 0 4.580971e+00 2.147355e+02 9.486857e+01 1.007630e+01 
174 6399 0 0 0 4.580971e+00 2.147355e+02 9.486857e+01 1.007630e+01 
175 6416 0 0 0 4.580971e+00 2.147355e+02 9.486857e+01 1.007630e+01 
176 6433 0 0 0 4.580971e+00 2.147355e+02 9.486857e+01 1.007630e+01 
177 6450 0 0 0 4.580971e+00 2.147355e+02 9.486857e+01 1.007630e+01 
178 6467 0 0 0 4.580971e+00 2.147355e+02 9.486857e+01 1.007630e+01 
179 6484 0 0 0 4.580971e+00 2.147355e+02 9.486857e+01 1.007630e+01 
180 6501 0 0 0 4.580971e+00 2.147355e+02 9.486857e+01 1.007630e+01 
181 6518 0 0 0 4.580971e+00 2.147355e+02 9.486857e+01 1.007630e+01 
182 6535 0 0 0 4.580971e+00 2.147355e+02 9.486857e+01 1.007630e+01 
183 6552 0 0 0 4.580971e+00 2.147355e+02 9.486857e+01 1.007630e+01 
184 6569 0 0 0 4.580971e+00 2.147355e+02 9.486857e+01 1.007630e+01 
185 6586 0 0 0 4.580971e+00 2.147355e+02 9.486857e+01 1.007630e+01 
186 6603 0 0 0 4.580971e+00 2.147355e+02 9.486857e+01 1.007630e+01 
187 6620 0 0 0 4.580971e+00 2.147355e+02 9.486857e+01 1.007630e+01 
188 6637 0 0 0 4.580971e+00 2.147355e+02 9.486857e+01 1.007630e+01 
189 6654 0 0 0 4.580971e+00 2.147355e+02 9.486857e+01 1.007630e+01 
190 6671 0 0 0 4.580971e+00 2.147355e+02 9.486857e+01 1.007630e+01 
191 6688 0 0 0 4.580971e+00 2.147355e+02 9.486857e+01 1.007630e+01 
192 6705 0 0 0 4.580971e+00 2.147355e+02 9.486857e+01 1.007630e+01 
193 6722 0 0 0 4.580971e+00 2.147355e+02 9.486857e+01 1.007630e+01 
194 6739 0 0 0 4.580971e+00 2.147355e+02 9.486857e+01 1.007630e+01 
195 6756 0 0 0 4.580971e+00 2.147355e+02 9.486857e+01 1.007630e+01 
196 6773 0 0 0 4.580971e+00 2.147355e+02 9.486857e+01 1.007630e+01 
197 6790 0 0 0 4.580971e+00 2.147355e+02 9.486857e+01 1.007630e+01 
198 6807 0 0 0 4.580971e+00 2.147355e+02 9.486857e+01 1.007630e+01 
199 6824 0 0 0 4.580971e+00 2.147355e+02 9.486857e+01 1.007630e+01 
200 6841 0 0 0 4.580971e+00 2.147355e+02 9.486857e+01 1.007630e+01 
201 6858 0 0 0 4.580971e+00 2.147355e+02 9.486857e+01 1.007630e+01 
202 6875 0 0 0 4.580971e+00 2.147355e+02 9.486857e+01 1.007630e+01 
203 6892 0 0 0 4.580971e+00 2.147355e+02 9.486857e+01 1.007630e+01 
204 6909 0 0 0 4.580971e+00 2.147355e+02 9.486857e+01 1.007630e+01 
205 6926 0 0 0 4.580971e+00 2.147355e+02 9.486857e+01 1.007630e+01 
206 6943 0 0 0 4.580971e+00 2.147355e+02 9.486857e+01 1.007630e+01 
207 6960 0 0 0 4.580971e+00 2.147355e+02 9.486857e+01 1.007630e+01 
208 6977 0 0 0 4.580971e+00 2.147355e+02 9.486857e+01 1.007630e+01 
209 6994 0 0 0 4.580971e+00 2.147355e+02 9.486857e+01 1.007630e+01 
210 7011 0 0 0 4.580971e+00 2.147355e+02 9.486857e+01 1.007630e+01 
211 7028 0 0 0 4.580971e+00 2.147355e+02 9.486857e+01 1.007630e+01 
212 7045 0 0 0 4.580971e+00 2.147355e+02 9.486857e+01 1.007630e+01 
213 7062 0 0 0 4.580971e+00 2.147355e+02 9.486857e+01 1.007630e+01 
214 7079 0 0 0 4.580971e+00 2.147355e+02 9.486857e+01 1.007630e+01 
215 7096 0 0 0 4.580971e+00 2.147355e+02 9.486857e+01 1.007630e+01 
216 7113 0 0 0 4.580971e+00 2.147355e+02 9.486857e+01 1.007630e+01 
217 7130 0 0 0 4.580971e+00 2.147355e+02 9.486857e+01 1.007630e+01 
218 7147 0 0 0 4.580971e+00 2.147355e+02 9.486857e+01 1.007630e+01 
219 7164 0 0 0 4.580971e+00 2.147355e+02 9.486857e+01 1.007630e+01 
220 7181 0 0 0 4.580971e+00 2.147355e+02 9.486857e+01 1.007630e+01 
221 7198 0 0 0 4.580971e+00 2.147355e+02 9.486857e+01 1.007630e+01 
222 7215 0 0 0 4.580971e+00 2.147355e+02 9.486857e+01 1.007630e+01 
223 7232 0 0 0 4.580971e+00 2.147355e+02 9.486857e+01 1.007630e+01 
1 7268 0 0 0 7.666182e-01 2.055450e+02 7.274543e+01 1.189134e+01 
2 7302 0 0 0 3.956818e-02 2.062288e+02 7.079351e+01 1.019670e+01 
3 7336 0 0 0 5.686649e-01 2.028840e+02 8.599700e+01 9.466466e+00 
4 7370 0 0 0 1.646352e+00 2.176239e+02 8.963392e+01 9.779307e+00 
5 7404 0 0 0 3.343898e+00 2.197152e+02 8.918171e+01 1.018209e+01 
6 7438 0 0 0 4.940326e+00 2.189023e+02 7.554300e+01 1.001171e+01 
7 7472 0 0 0 6.893182e+00 2.138191e+02 8.603589e+01 1.076946e+01 
8 7506 0 0 0 4.642024e+00 2.221241e+02 7.508693e+01 9.955881e+00 
9 7540 0 0 0 4.681145e+00 2.245699e+02 7.964904e+01 9.932212e+00 
10 7574 0 0 0 4.947633e+00 2.234958e+02 7.915345e+01 9.729197e+00 
11 7608 0 0 0 5.041025e+00 2.184724e+02 8.105296e+01 9.819550e+00 
12 7642 0 0 0 4.809254e+00 2.154369e+02 8.728025e+01 9.685171e+00 
13 7676 0 0 0 4.730186e+00 2.163924e+02 9.057389e+01 9.413189e+00 
14 7710 0 0 0 4.582450e+00 2.180725e+02 8.881116e+01 1.002527e+01 
15 7744 0 0 0 4.803377e+00 2.147316e+02 8.903176e+01 1.041661e+01 
16 7778 0 0 0 4.325944e+00 2.145914e+02 9.262933e+01 1.008301e+01 
17 7812 0 0 0 4.530497e+00 2.146853e+02 9.144887e+01 1.041481e+01 
18 7846 0 0 0 4.449678e+00 2.141746e+02 9.216646e+01 9.959280e+00 
19 7880 0 0 0 4.326263e+00 2.152483e+02 9.198237e+01 9.996553e+00 
20 7914 0 0 0 4.361056e+00 2.150573e+02 9.187196e+01 1.000511e+01 
21 7948 0 0 0 4.385332e+00 2.144168e+02 9.354069e+01 1.007676e+01 
22 7982 0 0 0 4.374069e+00 2.145922e+02 9.395554e+01 1.014087e+01 
23 8016 0 0 0 4.423345e+00 2.139877e+02 9.458120e+01 1.006417e+01 
24 8050 0 0 0 4.467534e+00 2.143347e+02 9.411476e+01 1.005173e+01 
25 8084 0 0 0 4.405554e+00 2.139560e+02 9.491108e+01 1.009328e+01 
26 8118 0 0 0 4.451740e+00 2.138028e+02 9.513079e+01 1.006110e+01 
27 8152 0 0 0 4.407299e+00 2.138087e+02 9.544895e+01 1.005952e+01 
28 8186 0 0 0 4.449111e+00 2.135823e+02 9.581127e+01 1.004886e+01 
29 8220 0 0 0 4.492226e+00 2.140997e+02 9.492622e+01 1.006920e+01 
30 8254 0 0 0 4.498409e+00 2.142793e+02 9.491872e+01 1.007651e+01 
31 8288 0 0 0 4.516134e+00 2.148114e+02 9.410785e+01 1.011741e+01 
32 8322 0 0 0 4.488677e+00 2.142950e+02 9.486032e+01 1.006430e+01 
33 8356 0 0 0 4.508878e+00 2.143124e+02 9.492079e+01 1.006581e+01 
34 8390 0 0 0 4.536523e+00 2.143266e+02 9.484029e+01 1.006999e+01 
35 8424 0 0 0 4.553950e+00 2.144363e+02 9.481687e+01 1.007371e+01 
36 8458 0 0 0 4.536862e+00 2.144754e+02 9.478621e+01 1.008361e+01 
37 8492 0 0 0 4.546840e+00 2.144911e+02 9.478692e+01 1.008002e+01 
38 8526 0 0 0 4.557160e+00 2.145778e+02 9.470281e+01 1.008268e+01 
39 8560 0 0 0 4.570289e+00 2.146526e+02 9.469039e+01 1.008239e+01 
40 8594 0 0 0 4.571930e+00 2.147058e+02 9.468135e+01 1.008403e+01 
41 8628 0 0 0 4.566456e+00 2.146204e+02 9.477811e+01 1.007689e+01 
42 8662 0 0 0 4.573604e+00 2.146714e+02 9.483068e+01 1.007674e+01 
43 8696 0 0 0 4.572749e+00 2.147529e+02 9.466090e+01 1.008267e+01 
44 8730 0 0 0 4.577667e+00 2.148466e+02 9.458479e+01 1.008947e+01 
45 8764 0 0 0 4.578515e+00 2.148655e+02 9.456998e+01 1.008951e+01 
46 8798 0 0 0 4.577354e+00 2.148376e+02 9.460962e+01 1.008720e+01 
47 8832 0 0 0 4.579907e+00 2.148260e+02 9.463238e+01 1.008667e+01 
48 8866 0 0 0 4.580021e+00 2.148133e+02 9.466651e+01 1.008482e+01 
49 8900 0 0 0 4.579806e+00 2.147691e+02 9.476725e+01 1.008108e+01 
50 8934 0 0 0 4.577971e+00 2.147452e+02 9.479114e+01 1.007903e+01 
51 8968 0 0 0 4.580443e+00 2.147836e+02 9.474568e+01 1.008231e+01 
52 9002 0 0 0 4.579460e+00 2.147811e+02 9.473345e+01 1.008128e+01 
53 9036 0 0 0 4.580254e+00 2.147681e+02 9.477629e+01 1.008046e+01 
54 9070 0 0 0 4.579426e+00 2.147524e+02 9.481536e+01 1.007865e+01 
55 9104 0 0 0 4.579598e+00 2.147379e+02 9.484397e+01 1.007782e+01 
56 9138 0 0 0 4.580187e+00 2.147448e+02 9.482907e+01 1.007788e+01 
57 9172 0 0 0 4.579655e+00 2.147357e+02 9.483856e+01 1.007743e+01 
58 9206 0 0 0 4.580129e+00 2.147366e+02 9.485010e+01 1.007734e+01 
59 9240 0 0 0 4.580542e+00 2.147440e+02 9.484647e+01 1.007751e+01 
60 9274 0 0 0 4.580455e+00 2.147422e+02 9.484512e+01 1.007743e+01 
61 9308 0 0 0 4.580772e+00 2.147394e+02 9.485507e+01 1.007718e+01 
62 9342 0 0 0 4.580679e+00 2.147291e+02 9.486557e+01 1.007643e+01 
63 9376 0 0 0 4.580543e+00 2.147286e+02 9.486741e+01 1.007640e+01 
64 9410 0 0 0 4.580594e+00 2.147278e+02 9.486780e+01 1.007621e+01 
65 9444 0 0 0 4.580661e+00 2.147309e+02 9.486993e+01 1.007624e+01 
66 9478 0 0 0 4.580725e+00 2.147363e+02 9.485986e+01 1.007659e+01 
67 9512 0 0 0 4.580646e+00 2.147348e+02 9.486230e+01 1.007652e+01 
68 9546 0 0 0 4.580682e+00 2.147351e+02 9.486494e+01 1.007645e+01 
69 9580 0 0 0 4.580776e+00 2.147330e+02 9.486893e+01 1.007630e+01 
70 9614 0 0 0 4.580811e+00 2.147355e+02 9.486671e+01 1.007642e+01 
71 9648 0 0 0 4.580881e+00 2.147378e+02 9.486379e+01 1.007659e+01 
72 9682 0 0 0 4.580901e+00 2.147363e+02 9.486571e+01 1.007652e+01 
73 9716 0 0 0 4.580928e+00 2.147376e+02 9.486477e+01 1.007654e+01 
74 9750 0 0 0 4.580880e+00 2.147361e+02 9.486670e+01 1.007644e+01 
75 9784 0 0 0 4.580889e+00 2.147357e+02 9.486727e+01 1.007637e+01 
76 9818 0 0 0 4.580934e+00 2.147371e+02 9.486606e+01 1.007643e+01 
77 9852 0 0 0 4.580911e+00 2.147364e+02 9.486686e+01 1.007640e+01 
78 9886 0 0 0 4.580945e+00 2.147368e+02 9.486639e+01 1.007641e+01 
79 9920 0 0 0 4.580968e+00 2.147367e+02 9.486663e+01 1.007639e+01 
80 9954 0 0 0 4.580961e+00 2.147366e+02 9.486655e+01 1.007639e+01 
81 9988 0 0 0 4.580970e+00 2.147372e+02 9.486602e+01 1.007643e+01 
82 10022 0 0 0 4.580965e+00 2.147359e+02 9.486763e+01 1.007635e+01 
83 10056 0 0 0 4.580958e+00 2.147356e+02 9.486811e+01 1.007633e+01 
84 10090 0 0 0 4.580957e+00 2.147355e+02 9.486818e+01 1.007632e+01 
85 10124 0 0 0 4.580965e+00 2.147357e+02 9.486800e+01 1.007633e+01 
86 10158 0 0 0 4.580962e+00 2.147355e+02 9.486824e+01 1.007631e+01 
87 10192 0 0 0 4.580960e+00 2.147353e+02 9.486857e+01 1.007630e+01 
88 10226 0 0 0 4.580965e+00 2.147356e+02 9.486828e+01 1.007631e+01 
89 10260 0 0 0 4.580963e+00 2.147354e+02 9.486855e+01 1.007630e+01 
90 10294 0 0 0 4.580962e+00 2.147353e+02 9.486869e+01 1.007629e+01 
91 10328 0 0 0 4.580966e+00 2.147354e+02 9.486861e+01 1.007630e+01 
92 10362 0 0 0 4.580965e+00 2.147352e+02 9.486872e+01 1.007629e+01 
93 10396 0 0 0 4.580968e+00 2.147354e+02 9.486856e+01 1.007630e+01 
94 10430 0 0 0 4.580968e+00 2.147355e+02 9.486849e+01 1.007630e+01 
95 10464 0 0 0 4.580970e+00 2.147355e+02 9.486847e+01 1.007630e+01 
96 10498 0 0 0 4.580969e+00 2.147354e+02 9.486857e+01 1.007630e+01 
97 10532 0 0 0 4.580968e+00 2.147354e+02 9.486861e+01 1.007630e+01 
98 10566 0 0 0 4.580968e+00 2.147354e+02 9.486862e+01 1.007630e+01 
99 10600 0 0 0 4.580969e+00 2.147354e+02 9.486860e+01 1.007630e+01 
100 10634 0 0 0 4.580969e+00 2.147354e+02 9.486862e+01 1.007630e+01 
101 10668 0 0 0 4.580969e+00 2.147354e+02 9.486860e+01 1.007630e+01 
102 10702 0 0 0 4.580970e+00 2.147354e+02 9.486858e+01 1.007630e+01 
103 10736 0 0 0 4.580970e+00 2.147354e+02 9.486860e+01 1.007630e+01 
104 10770 0 0 0 4.580970e+00 2.147355e+02 9.486857e+01 1.007630e+01 
105 10804 0 0 0 4.580970e+00 2.147355e+02 9.486856e+01 1.007630e+01 
106 10838 0 0 0 4.580970e+00 2.147355e+02 9.486855e+01 1.007630e+01 
107 10872 0 0 0 4.580970e+00 2.147355e+02 9.486857e+01 1.007630e+01 
108 10906 0 0 0 4.580970e+00 2.147355e+02 9.486857e+01 1.007630e+01 
109 10940 0 0 0 4.580970e+00 2.147355e+02 9.486857e+01 1.007630e+01 
110 10974 0 0 0 4.580970e+00 2.147355e+02 9.486856e+01 1.007630e+01 
111 11008 0 0 0 4.580970e+00 2.147355e+02 9.486856e+01 1.007630e+01 
112 11042 0 0 0 4.580971e+00 2.147355e+02 9.486855e+01 1.007630e+01 
113 11076 0 0 0 4.580971e+00 2.147355e+02 9.486855e+01 1.007630e+01 
114 11110 0 0 0 4.580971e+00 2.147355e+02 9.486855e+01 1.007630e+01 
115 11144 0 0 0 4.580971e+00 2.147355e+02 9.486856e+01 1.007630e+01 
116 11178 0 0 0 4.580971e+00 2.147355e+02 9.486856e+01 1.007630e+01 
117 11212 0 0 0 4.580970e+00 2.147355e+02 9.486856e+01 1.007630e+01 
118 11246 0 0 0 4.580970e+00 2.147355e+02 9.486857e+01 1.007630e+01 
119 11280 0 0 0 4.580970e+00 2.147355e+02 9.486856e+01 1.007630e+01 
120 11314 0 0 0 4.580970e+00 2.147355e+02 9.486856e+01 1.007630e+01 
121 11348 0 0 0 4.580970e+00 2.147355e+02 9.486856e+01 1.007630e+01 
122 11382 0 0 0 4.580970e+00 2.147355e+02 9.486857e+01 1.007630e+01 
123 11416 0 0 0 4.580970e+00 2.147355e+02 9.486857e+01 1.007630e+01 
124 11450 0 0 0 4.580970e+00 2.147355e+02 9.486857e+01 1.007630e+01 
125 11484 0 0 0 4.580970e+00 2.147355e+02 9.486857e+01 1.007630e+01 
126 11518 0 0 0 4.580970e+00 2.147355e+02 9.486857e+01 1.007630e+01 
127 11552 0 0 0 4.580970e+00 2.147355e+02 9.486857e+01 1.007630e+01 
128 11586 0 0 0 4.580970e+00 2.147355e+02 9.486857e+01 1.007630e+01 
129 11620 0 0 0 4.580970e+00 2.147355e+02 9.486857e+01 1.007630e+01 
130 11654 0 0 0 4.580970e+00 2.147355e+02 9.486857e+01 1.007630e+01 
131 11688 0 0 0 4.580971e+00 2.147355e+02 9.486857e+01 1.007630e+01 
132 11722 0 0 0 4.580970e+00 2.147355e+02 9.486857e+01 1.007630e+01 
133 11756 0 0 0 4.580971e+00 2.147355e+02 9.486857e+01 1.007630e+01 
134 11790 0 0 0 4.580971e+00 2.147355e+02 9.486857e+01 1.007630e+01 
135 11824 0 0 0 4.580971e+00 2.147355e+02 9.486857e+01 1.007630e+01 
136 11858 0 0 0 4.580970e+00 2.147355e+02 9.486857e+01 1.007630e+01 
137 11892 0 0 0 4.580970e+00 2.147355e+02 9.486857e+01 1.007630e+01 
138 11926 0 0 0 4.580971e+00 2.147355e+02 9.486857e+01 1.007630e+01 
139 11960 0 0 0 4.580971e+00 2.147355e+02 9.486857e+01 1.007630e+01 
140 11994 0 0 0 4.580971e+00 2.147355e+02 9.486857e+01 1.007630e+01 
141 12028 0 0 0 4.580971e+00 2.147355e+02 9.486857e+01 1.007630e+01 
142 12062 0 0 0 4.580971e+00 2.147355e+02 9.486857e+01 1.007630e+01 
143 12096 0 0 0 4.580971e+00 2.147355e+02 9.486857e+01 1.007630e+01 
144 12130 0 0 0 4.580971e+00 2.147355e+02 9.486857e+01 1.007630e+01 
145 12164 0 0 0 4.580971e+00 2.147355e+02 9.486857e+01 1.007630e+01 
146 12198 0 0 0 4.580971e+00 2.147355e+02 9.486857e+01 1.007630e+01 
147 12232 0 0 0 4.580971e+00 2.147355e+02 9.486857e+01 1.007630e+01 
148 12266 0 0 0 4.580971e+00 2.147355e+02 9.486857e+01 1.007630e+01 
149 12300 0 0 0 4.580971e+00 2.147355e+02 9.486857e+01 1.007630e+01 
150 12334 0 0 0 4.580971e+00 2.147355e+02 9.486857e+01 1.007630e+01 
151 12368 0 0 0 4.580971e+00 2.147355e+02 9.486857e+01 1.007630e+01 
152 12402 0 0 0 4.580971e+00 2.147355e+02 9.486857e+01 1.007630e+01 
153 12436 0 0 0 4.580971e+00 2.147355e+02 9.486857e+01 1.007630e+01 
154 12470 0 0 0 4.580971e+00 2.147355e+02 9.486857e+01 1.007630e+01 
155 12504 0 0 0 4.580971e+00 2.147355e+02 9.486857e+01 1.007630e+01 
156 12538 0 0 0 4.580971e+00 2.147355e+02 9.486857e+01 1.007630e+01 
157 12572 0 0 0 4.580971e+00 2.147355e+02 9.486857e+01 1.007630e+01 
158 12606 0 0 0 4.580971e+00 2.147355e+02 9.486857e+01 1.007630e+01 
159 12640 0 0 0 4.580971e+00 2.147355e+02 9.486857e+01 1.007630e+01 
160 12674 0 0 0 4.580971e+00 2.147355e+02 9.486857e+01 1.007630e+01 
161 12708 0 0 0 4.580971e+00 2.147355e+02 9.486857e+01 1.007630e+01 
162 12742 0 0 0 4.580971e+00 2.147355e+02 9.486857e+01 1.007630e+01 
163 12776 0 0 0 4.580971e+00 2.147355e+02 9.486857e+01 1.007630e+01 
164 12810 0 0 0 4.580971e+00 2.147355e+02 9.486857e+01 1.007630e+01 
165 12844 0 0 0 4.580971e+00 2.147355e+02 9.486857e+01 1.007630e+01 
166 12878 0 0 0 4.580971e+00 2.147355e+02 9.486857e+01 1.007630e+01 
167 12912 0 0 0 4.580971e+00 2.147355e+02 9.486857e+01 1.007630e+01 
168 12946 0 0 0 4.580971e+00 2.147355e+02 9.486857e+01 1.007630e+01 
169 12980 0 0 0 4.580971e+00 2.147355e+02 9.486857e+01 1.007630e+01 
170 13014 0 0 0 4.580971e+00 2.147355e+02 9.486857e+01 1.007630e+01 
171 13048 0 0 0 4.580971e+00 2.147355e+02 9.486857e+01 1.007630e+01 
172 13082 0 0 0 4.580971e+00 2.147355e+02 9.486857e+01 1.007630e+01 
173 13116 0 0 0 4.580971e+00 2.147355e+02 9.486857e+01 1.007630e+01 
174 13150 0 0 0 4.580971e+00 2.147355e+02 9.486857e+01 1.007630e+01 
175 13184 0 0 0 4.580971e+00 2.147355e+02 9.486857e+01 1.007630e+01 
1 13254 0 0 0 1.395449e+00 2.127321e+02 8.558140e+01 1.250941e+01 
2 13322 0 0 0 2.164757e+00 2.139661e+02 7.540706e+01 1.142641e+01 
3 13390 0 0 0 2.530676e+00 2.196707e+02 8.086026e+01 9.013183e+00 
4 13458 0 0 0 3.336554e+00 2.252463e+02 7.348772e+01 9.159022e+00 
5 13526 0 0 0 3.762216e+00 2.183506e+02 8.007160e+01 7.698881e+00 
6 13594 0 0 0 4.091273e+00 2.221571e+02 7.959515e+01 7.010513e+00 
7 13662 0 0 0 4.293218e+00 2.185183e+02 8.251263e+01 7.722491e+00 
8 13730 0 0 0 4.058239e+00 2.171724e+02 8.272578e+01 7.379191e+00 
9 13798 0 0 0 4.142608e+00 2.161663e+02 8.515327e+01 8.659174e+00 
10 13866 0 0 0 4.276282e+00 2.153771e+02 8.746708e+01 8.892915e+00 
11 13934 0 0 0 4.471737e+00 2.143938e+02 8.771133e+01 9.015861e+00 
12 14002 0 0 0 4.453239e+00 2.140797e+02 8.790252e+01 9.143579e+00 
13 14070 0 0 0 4.380494e+00 2.144656e+02 8.999011e+01 9.643148e+00 
14 14138 0 0 0 4.358234e+00 2.146309e+02 9.162182e+01 9.857517e+00 
15 14206 0 0 0 4.413804e+00 2.139543e+02 9.268735e+01 9.928218e+00 
16 14274 0 0 0 4.390064e+00 2.141219e+02 9.352596e+01 1.006922e+01 
17 14342 0 0 0 4.373915e+00 2.142035e+02 9.418357e+01 1.009246e+01 
18 14410 0 0 0 4.373991e+00 2.137974e+02 9.465342e+01 1.007486e+01 
19 14478 0 0 0 4.355801e+00 2.139350e+02 9.468358e+01 1.009698e+01 
20 14546 0 0 0 4.395319e+00 2.142023e+02 9.498296e+01 1.009246e+01 
21 14614 0 0 0 4.416908e+00 2.143135e+02 9.490113e+01 1.009873e+01 
22 14682 0 0 0 4.446151e+00 2.142872e+02 9.482153e+01 1.007817e+01 
23 14750 0 0 0 4.497090e+00 2.142301e+02 9.497427e+01 1.007738e+01 
24 14818 0 0 0 4.501662e+00 2.142191e+02 9.502595e+01 1.007004e+01 
25 14886 0 0 0 4.536515e+00 2.143402e+02 9.496766e+01 1.006894e+01 
26 14954 0 0 0 4.531987e+00 2.147031e+02 9.455832e+01 1.009557e+01 
27 15022 0 0 0 4.545805e+00 2.146302e+02 9.460460e+01 1.008989e+01 
28 15090 0 0 0 4.558741e+00 2.146710e+02 9.461737e+01 1.008980e+01 
29 15158 0 0 0 4.566066e+00 2.147370e+02 9.450915e+01 1.009436e+01 
30 15226 0 0 0 4.569531e+00 2.146115e+02 9.475678e+01 1.007958e+01 
31 15294 0 0 0 4.569571e+00 2.146679e+02 9.470382e+01 1.008345e+01 
32 15362 0 0 0 4.574625e+00 2.147154e+02 9.467479e+01 1.008394e+01 
33 15430 0 0 0 4.574981e+00 2.147274e+02 9.470541e+01 1.008267e+01 
34 15498 0 0 0 4.577889e+00 2.147392e+02 9.476621e+01 1.008069e+01 
35 15566 0 0 0 4.576401e+00 2.147364e+02 9.475536e+01 1.008214e+01 
36 15634 0 0 0 4.577963e+00 2.147210e+02 9.480936e+01 1.007885e+01 
37 15702 0 0 0 4.579205e+00 2.147662e+02 9.477797e+01 1.008074e+01 
38 15770 0 0 0 4.579603e+00 2.147802e+02 9.477966e+01 1.008114e+01 
39 15838 0 0 0 4.580240e+00 2.147601e+02 9.480774e+01 1.007988e+01 
40 15906 0 0 0 4.579897e+00 2.147595e+02 9.481661e+01 1.007933e+01 
41 15974 0 0 0 4.580041e+00 2.147581e+02 9.482189e+01 1.007858e+01 
42 16042 0 0 0 4.580458e+00 2.147522e+02 9.483595e+01 1.007807e+01 
43 16110 0 0 0 4.580291e+00 2.147506e+02 9.483878e+01 1.007807e+01 
44 16178 0 0 0 4.580532e+00 2.147492e+02 9.484452e+01 1.007765e+01 
45 16246 0 0 0 4.580920e+00 2.147658e+02 9.482610e+01 1.007858e+01 
46 16314 0 0 0 4.580865e+00 2.147592e+02 9.483165e+01 1.007810e+01 
47 16382 0 0 0 4.580900e+00 2.147553e+02 9.483725e+01 1.007784e+01 
48 16450 0 0 0 4.580903e+00 2.147460e+02 9.484928e+01 1.007720e+01 
49 16518 0 0 0 4.580828e+00 2.147424e+02 9.485457e+01 1.007695e+01 
50 16586 0 0 0 4.580910e+00 2.147450e+02 9.485263e+01 1.007707e+01 
51 16654 0 0 0 4.580821e+00 2.147359e+02 9.486501e+01 1.007646e+01 
52 16722 0 0 0 4.580761e+00 2.147332e+02 9.486816e+01 1.007630e+01 
53 16790 0 0 0 4.580839e+00 2.147330e+02 9.486902e+01 1.007627e+01 
54 16858 0 0 0 4.580865e+00 2.147341e+02 9.486803e+01 1.007630e+01 
55 16926 0 0 0 4.580845e+00 2.147312e+02 9.487182e+01 1.007612e+01 
56 16994 0 0 0 4.580889e+00 2.147336e+02 9.486889e+01 1.007627e+01 
57 17062 0 0 0 4.580928e+00 2.147358e+02 9.486682e+01 1.007639e+01 
58 17130 0 0 0 4.580936e+00 2.147357e+02 9.486733e+01 1.007636e+01 
59 17198 0 0 0 4.580920e+00 2.147353e+02 9.486810e+01 1.007632e+01 
60 17266 0 0 0 4.580935e+00 2.147356e+02 9.486776e+01 1.007634e+01 
61 17334 0 0 0 4.580955e+00 2.147361e+02 9.486740e+01 1.007636e+01 
62 17402 0 0 0 4.580963e+00 2.147365e+02 9.486686e+01 1.007638e+01 
63 17470 0 0 0 4.580960e+00 2.147362e+02 9.486739e+01 1.007636e+01 
64 17538 0 0 0 4.580963e+00 2.147359e+02 9.486777e+01 1.007634e+01 
65 17606 0 0 0 4.580964e+00 2.147358e+02 9.486793e+01 1.007633e+01 
66 17674 0 0 0 4.580965e+00 2.147358e+02 9.486792e+01 1.007633e+01 
67 17742 0 0 0 4.580965e+00 2.147356e+02 9.486825e+01 1.007632e+01 
68 17810 0 0 0 4.580967e+00 2.147357e+02 9.486813e+01 1.007632e+01 
69 17878 0 0 0 4.580969e+00 2.147357e+02 9.486815e+01 1.007632e+01 
70 17946 0 0 0 4.580969e+00 2.147356e+02 9.486838e+01 1.007631e+01 
71 18014 0 0 0 4.580967e+00 2.147355e+02 9.486850e+01 1.007630e+01 
72 18082 0 0 0 4.580967e+00 2.147355e+02 9.486852e+01 1.007630e+01 
73 18150 0 0 0 4.580968e+00 2.147355e+02 9.486847e+01 1.007630e+01 
74 18218 0 0 0 4.580967e+00 2.147354e+02 9.486860e+01 1.007630e+01 
75 18286 0 0 0 4.580968e+00 2.147354e+02 9.486862e+01 1.007630e+01 
76 18354 0 0 0 4.580969e+00 2.147355e+02 9.486854e+01 1.007630e+01 
77 18422 0 0 0 4.580969e+00 2.147355e+02 9.486855e+01 1.007630e+01 
78 18490 0 0 0 4.580970e+00 2.147355e+02 9.486855e+01 1.007630e+01 
79 18558 0 0 0 4.580970e+00 2.147355e+02 9.486855e+01 1.007630e+01 
80 18626 0 0 0 4.580970e+00 2.147355e+02 9.486856e+01 1.007630e+01 
81 18694 0 0 0 4.580970e+00 2.147355e+02 9.486856e+01 1.007630e+01 
82 18762 0 0 0 4.580970e+00 2.147355e+02 9.486858e+01 1.007630e+01 
83 18830 0 0 0 4.580970e+00 2.147354e+02 9.486859e+01 1.007630e+01 
84 18898 0 0 0 4.580970e+00 2.147355e+02 9.486858e+01 1.007630e+01 
85 18966 0 0 0 4.580970e+00 2.147355e+02 9.486858e+01 1.007630e+01 
86 19034 0 0 0 4.580970e+00 2.147355e+02 9.486858e+01 1.007630e+01 
87 19102 0 0 0 4.580970e+00 2.147355e+02 9.486857e+01 1.007630e+01 
88 19170 0 0 0 4.580970e+00 2.147355e+02 9.486856e+01 1.007630e+01 
89 19238 0 0 0 4.580970e+00 2.147355e+02 9.486856e+01 1.007630e+01 
90 19306 0 0 0 4.580970e+00 2.147355e+02 9.486856e+01 1.007630e+01 
91 19374 0 0 0 4.580970e+00 2.147355e+02 9.486856e+01 1.007630e+01 
92 19442 0 0 0 4.580970e+00 2.147355e+02 9.486856e+01 1.007630e+01 
93 19510 0 0 0 4.580970e+00 2.147355e+02 9.486857e+01 1.007630e+01 
94 19578 0 0 0 4.580970e+00 2.147355e+02 9.486857e+01 1.007630e+01 
95 19646 0 0 0 4.580970e+00 2.147355e+02 9.486857e+01 1.007630e+01 
96 19714 0 0 0 4.580970e+00 2.147355e+02 9.486857e+01 1.007630e+01 
97 19782 0 0 0 4.580971e+00 2.147355e+02 9.486857e+01 1.007630e+01 
98 19850 0 0 0 4.580970e+00 2.147355e+02 9.486857e+01 1.007630e+01 
99 19918 0 0 0 4.580970e+00 2.147355e+02 9.486857e+01 1.007630e+01 
100 19986 0 0 0 4.580970e+00 2.147355e+02 9.486857e+01 1.007630e+01 
101 20054 0 0 0 4.580970e+00 2.147355e+02 9.486857e+01 1.007630e+01 
102 20122 0 0 0 4.580970e+00 2.147355e+02 9.486857e+01 1.007630e+01 
103 20190 0 0 0 4.580970e+00 2.147355e+02 9.486857e+01 1.007630e+01 
104 20258 0 0 0 4.580971e+00 2.147355e+02 9.486857e+01 1.007630e+01 
105 20326 0 0 0 4.580971e+00 2.147355e+02 9.486857e+01 1.007630e+01 
106 20394 0 0 0 4.580971e+00 2.147355e+02 9.486857e+01 1.007630e+01 
107 20462 0 0 0 4.580971e+00 2.147355e+02 9.486857e+01 1.007630e+01 
108 20530 0 0 0 4.580971e+00 2.147355e+02 9.486857e+01 1.007630e+01 
109 20598 0 0 0 4.580971e+00 2.147355e+02 9.486857e+01 1.007630e+01 
110 20666 0 0 0 4.580971e+00 2.147355e+02 9.486857e+01 1.007630e+01 
111 20734 0 0 0 4.580971e+00 2.147355e+02 9.486857e+01 1.007630e+01 
112 20802 0 0 0 4.580971e+00 2.147355e+02 9.486857e+01 1.007630e+01 
113 20870 0 0 0 4.580971e+00 2.147355e+02 9.486857e+01 1.007630e+01 
114 20938 0 0 0 4.580971e+00 2.147355e+02 9.486857e+01 1.007630e+01 
115 21006 0 0 0 4.580971e+00 2.147355e+02 9.486857e+01 1.007630e+01 
116 21074 0 0 0 4.580971e+00 2.147355e+02 9.486857e+01 1.007630e+01 
117 21142 0 0 0 4.580971e+00 2.147355e+02 9.486857e+01 1.007630e+01 
118 21210 0 0 0 4.580971e+00 2.147355e+02 9.486857e+01 1.007630e+01 
119 21278 0 0 0 4.580971e+00 2.147355e+02 9.486857e+01 1.007630e+01 
120 21346 0 0 0 4.580971e+00 2.147355e+02 9.486857e+01 1.007630e+01 
121 21414 0 0 0 4.580971e+00 2.147355e+02 9.486857e+01 1.007630e+01 
122 21482 0 0 0 4.580971e+00 2.147355e+02 9.486857e+01 1.007630e+01 
123 21550 0 0 0 4.580971e+00 2.147355e+02 9.486857e+01 1.007630e+01 
124 21618 0 0 0 4.580971e+00 2.147355e+02 9.486857e+01 1.007630e+01 
125 21686 0 0 0 4.580971e+00 2.147355e+02 9.486857e+01 1.007630e+01 
126 21754 0 0 0 4.580971e+00 2.147355e+02 9.486857e+01 1.007630e+01 
127 21822 0 0 0 4.580971e+00 2.147355e+02 9.486857e+01 1.007630e+01 
128 21890 0 0 0 4.580971e+00 2.147355e+02 9.486857e+01 1.007630e+01 
129 21958 0 0 0 4.580971e+00 2.147355e+02 9.486857e+01 1.007630e+01 
130 22026 0 0 0 4.580971e+00 2.147355e+02 9.486857e+01 1.007630e+01 
131 22094 0 0 0 4.580971e+00 2.147355e+02 9.486857e+01 1.007630e+01 
132 22162 0 0 0 4.580971e+00 2.147355e+02 9.486857e+01 1.007630e+01 
133 22230 0 0 0 4.580971e+00 2.147355e+02 9.486857e+01 1.007630e+01 
134 22298 0 0 0 4.580971e+00 2.147355e+02 9.486857e+01 1.007630e+01 
135 22366 0 0 0 4.580971e+00 2.147355e+02 9.486857e+01 1.007630e+01 
136 22434 0 0 0 4.580971e+00 2.147355e+02 9.486857e+01 1.007630e+01 
137 22502 0 0 0 4.580971e+00 2.147355e+02 9.486857e+01 1.007630e+01 
